# Square flight log. Positions in metres, time in seconds
# since the algorithm started (motion begins at start_delay).
# t drone_id x y target_x target_y error
   0.10 drone1  +0.0052  +0.0083  +0.0052  +0.0083  0.0000
   0.20 drone1  +0.0051  +0.0083  +0.0052  +0.0083  0.0001
   0.30 drone1  +0.0052  +0.0084  +0.0052  +0.0083  0.0001
   0.40 drone1  +0.0051  +0.0083  +0.0052  +0.0083  0.0001
   0.50 drone1  +0.0050  +0.0083  +0.0052  +0.0083  0.0002
   0.60 drone1  +0.0051  +0.0084  +0.0052  +0.0083  0.0002
   0.70 drone1  +0.0050  +0.0081  +0.0052  +0.0083  0.0003
   0.80 drone1  +0.0052  +0.0082  +0.0052  +0.0083  0.0001
   0.90 drone1  +0.0051  +0.0083  +0.0052  +0.0083  0.0001
   1.00 drone1  +0.0051  +0.0084  +0.0052  +0.0083  0.0001
   1.10 drone1  +0.0051  +0.0083  +0.0052  +0.0083  0.0001
   1.20 drone1  +0.0051  +0.0083  +0.0052  +0.0083  0.0001
   1.30 drone1  +0.0049  +0.0083  +0.0052  +0.0083  0.0002
   1.40 drone1  +0.0051  +0.0083  +0.0052  +0.0083  0.0001
   1.50 drone1  +0.0051  +0.0083  +0.0052  +0.0083  0.0001
   1.60 drone1  +0.0053  +0.0083  +0.0052  +0.0083  0.0001
   1.70 drone1  +0.0051  +0.0082  +0.0052  +0.0083  0.0002
   1.80 drone1  +0.0053  +0.0083  +0.0052  +0.0083  0.0001
   1.90 drone1  +0.0051  +0.0083  +0.0052  +0.0083  0.0001
   2.00 drone1  +0.0050  +0.0084  +0.0052  +0.0083  0.0002
   2.10 drone1  +0.0050  +0.0082  +0.0052  +0.0083  0.0002
   2.20 drone1  +0.0050  +0.0084  +0.0052  +0.0083  0.0002
   2.30 drone1  +0.0050  +0.0083  +0.0052  +0.0083  0.0002
   2.40 drone1  +0.0051  +0.0083  +0.0052  +0.0083  0.0001
   2.50 drone1  +0.0051  +0.0082  +0.0052  +0.0083  0.0002
   2.60 drone1  +0.0049  +0.0083  +0.0052  +0.0083  0.0003
   2.70 drone1  +0.0050  +0.0085  +0.0052  +0.0083  0.0003
   2.80 drone1  +0.0050  +0.0084  +0.0052  +0.0083  0.0002
   2.90 drone1  +0.0049  +0.0083  +0.0052  +0.0083  0.0003
   3.00 drone1  +0.0051  +0.0083  +0.0052  +0.0083  0.0001
   3.10 drone1  +0.0049  +0.0084  +0.0202  +0.0083  0.0153
   3.20 drone1  +0.0049  +0.0083  +0.0352  +0.0083  0.0303
   3.30 drone1  +0.0051  +0.0084  +0.0502  +0.0083  0.0451
   3.40 drone1  +0.0051  +0.0083  +0.0652  +0.0083  0.0601
   3.50 drone1  +0.0051  +0.0084  +0.0802  +0.0083  0.0751
   3.60 drone1  +0.0050  +0.0083  +0.0952  +0.0083  0.0902
   3.70 drone1  +0.0049  +0.0082  +0.1102  +0.0083  0.1053
   3.80 drone1  +0.0050  +0.0083  +0.1252  +0.0083  0.1202
   3.90 drone1  +0.0050  +0.0084  +0.1402  +0.0083  0.1352
   4.00 drone1  +0.0050  +0.0084  +0.1552  +0.0083  0.1502
   4.10 drone1  +0.0052  +0.0082  +0.1702  +0.0083  0.1650
   4.20 drone1  +0.0050  +0.0083  +0.1852  +0.0083  0.1802
   4.30 drone1  +0.0050  +0.0084  +0.2002  +0.0083  0.1952
   4.40 drone1  +0.0050  +0.0083  +0.2152  +0.0086  0.2102
   4.50 drone1  +0.0052  +0.0084  +0.2301  +0.0104  0.2249
   4.60 drone1  +0.0049  +0.0083  +0.2447  +0.0136  0.2399
   4.70 drone1  +0.0050  +0.0084  +0.2590  +0.0183  0.2541
   4.80 drone1  +0.0049  +0.0083  +0.2727  +0.0243  0.2682
   4.90 drone1  +0.0050  +0.0085  +0.2857  +0.0317  0.2816
   5.00 drone1  +0.0050  +0.0083  +0.2980  +0.0404  0.2947
   5.10 drone1  +0.0050  +0.0084  +0.3093  +0.0503  0.3071
   5.20 drone1  +0.0051  +0.0082  +0.3195  +0.0612  0.3188
   5.30 drone1  +0.0048  +0.0082  +0.3286  +0.0731  0.3302
   5.40 drone1  +0.0049  +0.0083  +0.3365  +0.0858  0.3406
   5.50 drone1  +0.0051  +0.0084  +0.3431  +0.0993  0.3500
   5.60 drone1  +0.0049  +0.0084  +0.3483  +0.1134  0.3591
   5.70 drone1  +0.0050  +0.0084  +0.3521  +0.1279  0.3671
   5.80 drone1  +0.0050  +0.0085  +0.3544  +0.1427  0.3743
   5.90 drone1  +0.0050  +0.0083  +0.3552  +0.1577  0.3807
   6.00 drone1  +0.0049  +0.0084  +0.3552  +0.1727  0.3869
   6.10 drone1  +0.0050  +0.0084  +0.3552  +0.1877  0.3934
   6.20 drone1  +0.0051  +0.0083  +0.3552  +0.2027  0.4004
   6.30 drone1  +0.0050  +0.0081  +0.3552  +0.2177  0.4082
   6.40 drone1  +0.0049  +0.0085  +0.3552  +0.2327  0.4159
   6.50 drone1  +0.0051  +0.0083  +0.3552  +0.2477  0.4241
   6.60 drone1  +0.0050  +0.0084  +0.3552  +0.2627  0.4328
   6.70 drone1  +0.0051  +0.0084  +0.3552  +0.2777  0.4417
   6.80 drone1  +0.0051  +0.0084  +0.3552  +0.2927  0.4510
   6.90 drone1  +0.0049  +0.0084  +0.3552  +0.3077  0.4607
   7.00 drone1  +0.0049  +0.0083  +0.3552  +0.3227  0.4706
   7.10 drone1  +0.0049  +0.0083  +0.3552  +0.3377  0.4808
   7.20 drone1  +0.0053  +0.0084  +0.3552  +0.3527  0.4909
   7.30 drone1  +0.0052  +0.0084  +0.3549  +0.3677  0.5013
