# Square flight log. Positions in metres, time in seconds
# since the algorithm started (motion begins at start_delay).
# t drone_id x y target_x target_y error
   0.10 drone1  -0.7837  -1.1211  -0.7837  -1.1211  0.0000
   0.20 drone1  -0.7843  -1.1192  -0.7837  -1.1211  0.0021
   0.30 drone1  -0.7876  -1.1188  -0.7837  -1.1211  0.0045
   0.40 drone1  -0.7924  -1.1191  -0.7837  -1.1211  0.0089
   0.50 drone1  -0.7979  -1.1196  -0.7837  -1.1211  0.0143
   0.60 drone1  -0.8039  -1.1196  -0.7837  -1.1211  0.0202
   0.70 drone1  -0.8090  -1.1186  -0.7837  -1.1211  0.0254
   0.80 drone1  -0.8141  -1.1176  -0.7837  -1.1211  0.0306
   0.90 drone1  -0.8184  -1.1169  -0.7837  -1.1211  0.0350
   1.00 drone1  -0.8239  -1.1154  -0.7837  -1.1211  0.0405
   1.10 drone1  -0.8311  -1.1128  -0.7837  -1.1211  0.0481
   1.20 drone1  -0.8389  -1.1105  -0.7837  -1.1211  0.0562
   1.30 drone1  -0.8475  -1.1080  -0.7837  -1.1211  0.0651
   1.40 drone1  -0.8558  -1.1055  -0.7837  -1.1211  0.0738
   1.50 drone1  -0.8624  -1.1033  -0.7837  -1.1211  0.0807
   1.60 drone1  -0.8675  -1.1007  -0.7837  -1.1211  0.0863
   1.70 drone1  -0.8715  -1.0994  -0.7837  -1.1211  0.0905
   1.80 drone1  -0.8755  -1.0976  -0.7837  -1.1211  0.0948
   1.90 drone1  -0.8781  -1.0975  -0.7837  -1.1211  0.0973
   2.00 drone1  -0.8795  -1.0979  -0.7837  -1.1211  0.0985
   2.10 drone1  -0.8817  -1.0996  -0.7837  -1.1211  0.1003
   2.20 drone1  -0.8815  -1.1022  -0.7837  -1.1211  0.0996
   2.30 drone1  -0.8816  -1.1028  -0.7837  -1.1211  0.0996
   2.40 drone1  -0.8810  -1.1031  -0.7837  -1.1211  0.0989
   2.50 drone1  -0.8795  -1.1031  -0.7837  -1.1211  0.0975
   2.60 drone1  -0.8776  -1.1030  -0.7837  -1.1211  0.0956
   2.70 drone1  -0.8758  -1.1032  -0.7837  -1.1211  0.0938
   2.80 drone1  -0.8694  -1.1056  -0.7837  -1.1211  0.0871
   2.90 drone1  -0.8543  -1.1134  -0.7837  -1.1211  0.0710
   3.00 drone1  -0.8312  -1.1248  -0.7837  -1.1211  0.0476
   3.10 drone1  -0.8046  -1.1381  -0.7587  -1.1211  0.0490
   3.20 drone1  -0.7758  -1.1496  -0.7337  -1.1211  0.0508
   3.30 drone1  -0.7424  -1.1583  -0.7087  -1.1211  0.0502
   3.40 drone1  -0.7065  -1.1637  -0.6837  -1.1211  0.0483
   3.50 drone1  -0.6705  -1.1652  -0.6587  -1.1211  0.0456
   3.60 drone1  -0.6372  -1.1641  -0.6337  -1.1211  0.0431
   3.70 drone1  -0.6075  -1.1616  -0.6087  -1.1211  0.0405
   3.80 drone1  -0.5809  -1.1585  -0.5837  -1.1211  0.0375
   3.90 drone1  -0.5563  -1.1570  -0.5587  -1.1211  0.0360
   4.00 drone1  -0.5326  -1.1573  -0.5337  -1.1211  0.0362
   4.10 drone1  -0.5093  -1.1597  -0.5087  -1.1211  0.0386
   4.20 drone1  -0.4843  -1.1631  -0.4837  -1.1211  0.0420
   4.30 drone1  -0.4593  -1.1669  -0.4587  -1.1211  0.0458
   4.40 drone1  -0.4336  -1.1695  -0.4337  -1.1211  0.0484
   4.50 drone1  -0.4077  -1.1717  -0.4087  -1.1211  0.0505
   4.60 drone1  -0.3818  -1.1730  -0.3837  -1.1211  0.0519
   4.70 drone1  -0.3566  -1.1743  -0.3587  -1.1211  0.0532
   4.80 drone1  -0.3320  -1.1749  -0.3337  -1.1211  0.0537
   4.90 drone1  -0.3086  -1.1758  -0.3087  -1.1211  0.0546
   5.00 drone1  -0.2849  -1.1766  -0.2837  -1.1211  0.0555
   5.10 drone1  -0.2613  -1.1781  -0.2587  -1.1211  0.0570
   5.20 drone1  -0.2355  -1.1799  -0.2337  -1.1211  0.0588
   5.30 drone1  -0.2092  -1.1821  -0.2087  -1.1211  0.0609
   5.40 drone1  -0.1823  -1.1833  -0.1837  -1.1211  0.0621
   5.50 drone1  -0.1546  -1.1836  -0.1587  -1.1211  0.0626
   5.60 drone1  -0.1264  -1.1832  -0.1337  -1.1211  0.0624
   5.70 drone1  -0.0974  -1.1821  -0.1087  -1.1211  0.0620
   5.80 drone1  -0.0694  -1.1797  -0.0837  -1.1211  0.0603
   5.90 drone1  -0.0422  -1.1771  -0.0587  -1.1211  0.0583
   6.00 drone1  -0.0156  -1.1745  -0.0337  -1.1211  0.0564
   6.10 drone1  +0.0089  -1.1729  -0.0087  -1.1211  0.0546
   6.20 drone1  +0.0324  -1.1723  +0.0163  -1.1211  0.0537
   6.30 drone1  +0.0557  -1.1727  +0.0413  -1.1211  0.0536
   6.40 drone1  +0.0789  -1.1736  +0.0663  -1.1211  0.0539
   6.50 drone1  +0.1025  -1.1744  +0.0913  -1.1211  0.0544
   6.60 drone1  +0.1262  -1.1749  +0.1163  -1.1211  0.0547
   6.70 drone1  +0.1500  -1.1743  +0.1413  -1.1211  0.0539
   6.80 drone1  +0.1741  -1.1727  +0.1663  -1.1211  0.0521
   6.90 drone1  +0.1994  -1.1710  +0.1913  -1.1211  0.0505
   7.00 drone1  +0.2242  -1.1691  +0.2163  -1.1211  0.0486
   7.10 drone1  +0.2503  -1.1681  +0.2413  -1.1211  0.0479
   7.20 drone1  +0.2760  -1.1676  +0.2663  -1.1211  0.0474
   7.30 drone1  +0.3023  -1.1673  +0.2913  -1.1211  0.0474
   7.40 drone1  +0.3274  -1.1667  +0.3163  -1.1211  0.0469
   7.50 drone1  +0.3530  -1.1665  +0.3413  -1.1211  0.0468
   7.60 drone1  +0.3781  -1.1670  +0.3663  -1.1211  0.0473
   7.70 drone1  +0.4037  -1.1679  +0.3913  -1.1211  0.0484
   7.80 drone1  +0.4290  -1.1694  +0.4163  -1.1211  0.0499
   7.90 drone1  +0.4545  -1.1713  +0.4413  -1.1211  0.0519
   8.00 drone1  +0.4793  -1.1733  +0.4663  -1.1211  0.0537
   8.10 drone1  +0.5029  -1.1742  +0.4913  -1.1211  0.0544
   8.20 drone1  +0.5266  -1.1741  +0.5163  -1.1211  0.0540
   8.30 drone1  +0.5511  -1.1744  +0.5413  -1.1211  0.0542
   8.40 drone1  +0.5751  -1.1743  +0.5663  -1.1211  0.0539
   8.50 drone1  +0.6006  -1.1749  +0.5913  -1.1211  0.0545
   8.60 drone1  +0.6260  -1.1761  +0.6163  -1.1211  0.0558
   8.70 drone1  +0.6525  -1.1773  +0.6413  -1.1211  0.0573
   8.80 drone1  +0.6779  -1.1770  +0.6663  -1.1211  0.0571
   8.90 drone1  +0.7023  -1.1765  +0.6913  -1.1211  0.0564
   9.00 drone1  +0.7254  -1.1756  +0.7163  -1.1211  0.0553
   9.10 drone1  +0.7463  -1.1758  +0.7413  -1.1211  0.0549
   9.20 drone1  +0.7678  -1.1776  +0.7663  -1.1211  0.0564
   9.30 drone1  +0.7891  -1.1805  +0.7913  -1.1211  0.0594
   9.40 drone1  +0.8119  -1.1850  +0.8163  -1.1211  0.0640
   9.50 drone1  +0.8343  -1.1899  +0.8413  -1.1211  0.0691
   9.60 drone1  +0.8571  -1.1943  +0.8663  -1.1211  0.0737
   9.70 drone1  +0.8819  -1.1972  +0.8913  -1.1211  0.0766
   9.80 drone1  +0.8979  -1.1998  +0.9163  -1.1211  0.0808
   9.90 drone1  +0.9337  -1.1940  +0.9413  -1.1211  0.0732
  10.00 drone1  +0.9351  -1.1682  +0.9663  -1.1211  0.0565
  10.10 drone1  +0.9120  -1.1231  +0.9913  -1.1211  0.0793
  10.20 drone1  +0.8729  -1.0642  +1.0163  -1.1211  0.1543
  10.30 drone1  +0.8401  -1.0010  +1.0413  -1.1211  0.2343
  10.40 drone1  +0.8321  -0.9373  +1.0663  -1.1211  0.2978
  10.50 drone1  +0.8560  -0.8791  +1.0913  -1.1211  0.3375
  10.60 drone1  +0.9047  -0.8324  +1.1163  -1.1211  0.3579
  10.70 drone1  +0.9674  -0.8048  +1.1413  -1.1211  0.3610
  10.80 drone1  +1.0328  -0.7980  +1.1663  -1.1211  0.3496
  10.90 drone1  +1.0952  -0.8131  +1.1913  -1.1211  0.3226
  11.00 drone1  +1.1487  -0.8459  +1.2163  -1.1211  0.2835
  11.10 drone1  +1.1932  -0.8929  +1.2163  -1.0961  0.2045
  11.20 drone1  +1.2295  -0.9457  +1.2163  -1.0711  0.1262
  11.30 drone1  +1.2522  -0.9819  +1.2163  -1.0461  0.0736
  11.40 drone1  +1.2554  -0.9849  +1.2163  -1.0211  0.0533
  11.50 drone1  +1.2397  -0.9567  +1.2163  -0.9961  0.0459
  11.60 drone1  +1.2103  -0.9075  +1.2163  -0.9711  0.0640
  11.70 drone1  +1.1689  -0.8495  +1.2163  -0.9461  0.1076
  11.80 drone1  +1.1622  -0.7887  +1.2163  -0.9211  0.1430
  11.90 drone1  +1.1615  -0.7349  +1.2163  -0.8961  0.1703
  12.00 drone1  +1.1750  -0.6851  +1.2163  -0.8711  0.1906
  12.10 drone1  +1.1986  -0.6421  +1.2163  -0.8461  0.2048
  12.20 drone1  +1.2274  -0.6098  +1.2163  -0.8211  0.2116
  12.30 drone1  +1.2566  -0.5897  +1.2163  -0.7961  0.2104
  12.40 drone1  +1.2819  -0.5815  +1.2163  -0.7711  0.2007
  12.50 drone1  +1.2994  -0.5824  +1.2163  -0.7461  0.1837
  12.60 drone1  +1.3094  -0.5876  +1.2163  -0.7211  0.1628
  12.70 drone1  +1.2972  -0.5995  +1.2163  -0.6961  0.1260
  12.80 drone1  +1.2881  -0.6048  +1.2163  -0.6711  0.0978
  12.90 drone1  +1.2717  -0.6024  +1.2163  -0.6461  0.0706
  13.00 drone1  +1.2478  -0.5900  +1.2163  -0.6211  0.0443
  13.10 drone1  +1.2186  -0.5510  +1.2163  -0.5961  0.0452
  13.20 drone1  +1.1735  -0.5084  +1.2163  -0.5711  0.0759
  13.30 drone1  +1.1232  -0.4509  +1.2163  -0.5461  0.1332
  13.40 drone1  +1.0767  -0.3840  +1.2163  -0.5211  0.1957
  13.50 drone1  +1.0466  -0.2852  +1.2163  -0.4961  0.2707
  13.60 drone1  +1.0425  -0.1679  +1.2163  -0.4711  0.3495
  13.70 drone1  +1.0768  -0.0236  +1.2163  -0.4461  0.4449
  13.80 drone1  +1.1507  +0.1128  +1.2163  -0.4211  0.5380
  13.90 drone1  +1.2757  +0.2375  +1.2163  -0.3961  0.6364
  14.00 drone1  +1.4281  +0.3255  +1.2163  -0.3711  0.7282
  14.10 drone1  +1.6523  +0.3850  +1.2163  -0.3461  0.8513
  14.20 drone1  +1.8766  +0.3746  +1.2163  -0.3211  0.9592
  14.30 drone1  +2.0938  +0.2907  +1.2163  -0.2961  1.0557
  14.40 drone1  +2.2742  +0.1229  +1.2163  -0.2711  1.1290
  14.50 drone1  +2.3824  -0.0927  +1.2163  -0.2461  1.1762
  14.60 drone1  +2.3983  -0.3429  +1.2163  -0.2211  1.1883
  14.70 drone1  +2.3108  -0.6004  +1.2163  -0.1961  1.1668
  14.80 drone1  +2.1237  -0.8399  +1.2163  -0.1711  1.1273
  14.90 drone1  +1.8541  -1.0272  +1.2163  -0.1461  1.0877
  15.00 drone1  +1.5407  -1.1274  +1.2163  -0.1211  1.0572
  15.10 drone1  +1.2233  -1.1360  +1.2163  -0.0961  1.0399
  15.20 drone1  +0.9459  -1.0420  +1.2163  -0.0711  1.0078
  15.30 drone1  +0.7227  -0.8563  +1.2163  -0.0461  0.9486
  15.40 drone1  +0.5629  -0.6080  +1.2163  -0.0211  0.8782
