# Square flight log. Positions in metres, time in seconds
# since the algorithm started (motion begins at start_delay).
# t drone_id x y target_x target_y error
   0.10 drone1  -0.9947  -1.0004  -0.9947  -1.0004  0.0000
   0.20 drone1  -0.9948  -1.0002  -0.9947  -1.0004  0.0003
   0.30 drone1  -0.9949  -1.0001  -0.9947  -1.0004  0.0004
   0.40 drone1  -0.9951  -1.0002  -0.9947  -1.0004  0.0005
   0.50 drone1  -0.9948  -1.0002  -0.9947  -1.0004  0.0003
   0.60 drone1  -0.9951  -1.0004  -0.9947  -1.0004  0.0004
   0.70 drone1  -0.9952  -1.0001  -0.9947  -1.0004  0.0006
   0.80 drone1  -0.9952  -1.0001  -0.9947  -1.0004  0.0006
   0.90 drone1  -0.9952  -1.0001  -0.9947  -1.0004  0.0006
   1.00 drone1  -0.9947  -1.0005  -0.9947  -1.0004  0.0001
   1.10 drone1  -0.9952  -0.9999  -0.9947  -1.0004  0.0007
   1.20 drone1  -0.9950  -1.0004  -0.9947  -1.0004  0.0003
   1.30 drone1  -0.9949  -1.0001  -0.9947  -1.0004  0.0003
   1.40 drone1  -0.9949  -1.0000  -0.9947  -1.0004  0.0004
   1.50 drone1  -0.9952  -1.0000  -0.9947  -1.0004  0.0006
   1.60 drone1  -0.9951  -1.0002  -0.9947  -1.0004  0.0005
   1.70 drone1  -0.9948  -1.0001  -0.9947  -1.0004  0.0003
   1.80 drone1  -0.9951  -1.0001  -0.9947  -1.0004  0.0005
   1.90 drone1  -0.9947  -1.0004  -0.9947  -1.0004  0.0000
   2.00 drone1  -0.9951  -1.0001  -0.9947  -1.0004  0.0005
   2.10 drone1  -0.9953  -1.0004  -0.9947  -1.0004  0.0006
   2.20 drone1  -0.9951  -1.0001  -0.9947  -1.0004  0.0005
   2.30 drone1  -0.9951  -1.0000  -0.9947  -1.0004  0.0006
   2.40 drone1  -0.9952  -0.9999  -0.9947  -1.0004  0.0007
   2.50 drone1  -0.9948  -1.0001  -0.9947  -1.0004  0.0003
   2.60 drone1  -0.9951  -1.0000  -0.9947  -1.0004  0.0006
   2.70 drone1  -0.9951  -1.0001  -0.9947  -1.0004  0.0006
   2.80 drone1  -0.9948  -1.0001  -0.9947  -1.0004  0.0003
   2.90 drone1  -0.9954  -1.0000  -0.9947  -1.0004  0.0009
   3.00 drone1  -0.9948  -1.0001  -0.9947  -1.0004  0.0003
   3.10 drone1  -0.9951  -1.0001  -0.9697  -1.0004  0.0254
   3.20 drone1  -0.9951  -1.0002  -0.9447  -1.0004  0.0504
   3.30 drone1  -0.9947  -1.0004  -0.9197  -1.0004  0.0750
   3.40 drone1  -0.9947  -1.0005  -0.8947  -1.0004  0.1000
   3.50 drone1  -0.9954  -0.9999  -0.8697  -1.0004  0.1257
   3.60 drone1  -0.9951  -1.0001  -0.8447  -1.0004  0.1504
   3.70 drone1  -0.9954  -1.0000  -0.8197  -1.0004  0.1757
   3.80 drone1  -0.9948  -1.0001  -0.7947  -1.0004  0.2001
   3.90 drone1  -0.9951  -1.0003  -0.7697  -1.0004  0.2254
   4.00 drone1  -0.9949  -1.0001  -0.7447  -1.0004  0.2502
   4.10 drone1  -0.9947  -1.0004  -0.7197  -1.0004  0.2750
   4.20 drone1  -0.9949  -1.0001  -0.6947  -1.0004  0.3001
   4.30 drone1  -0.9954  -1.0001  -0.6697  -1.0004  0.3257
   4.40 drone1  -0.9955  -1.0000  -0.6447  -1.0004  0.3508
   4.50 drone1  -0.9951  -1.0000  -0.6197  -1.0004  0.3754
   4.60 drone1  -0.9951  -1.0001  -0.5947  -1.0004  0.4004
   4.70 drone1  -0.9952  -1.0001  -0.5697  -1.0004  0.4255
   4.80 drone1  -0.9948  -1.0002  -0.5447  -1.0004  0.4501
   4.90 drone1  -0.9948  -1.0002  -0.5197  -1.0004  0.4751
   5.00 drone1  -0.9947  -1.0005  -0.4947  -1.0004  0.5000
   5.10 drone1  -0.9948  -1.0001  -0.4697  -1.0004  0.5251
   5.20 drone1  -0.9948  -1.0000  -0.4447  -1.0004  0.5501
   5.30 drone1  -0.9951  -1.0001  -0.4197  -1.0004  0.5754
   5.40 drone1  -0.9953  -1.0001  -0.3947  -1.0004  0.6006
   5.50 drone1  -0.9948  -1.0001  -0.3697  -1.0004  0.6251
   5.60 drone1  -0.9948  -1.0000  -0.3447  -1.0004  0.6501
   5.70 drone1  -0.9951  -1.0001  -0.3197  -1.0004  0.6754
   5.80 drone1  -0.9951  -1.0000  -0.2947  -1.0004  0.7004
   5.90 drone1  -0.9951  -1.0001  -0.2697  -1.0004  0.7254
   6.00 drone1  -0.9951  -1.0002  -0.2447  -1.0004  0.7504
   6.10 drone1  -0.9948  -1.0002  -0.2197  -1.0004  0.7751
   6.20 drone1  -0.9954  -1.0000  -0.1947  -1.0004  0.8007
   6.30 drone1  -0.9952  -1.0000  -0.1697  -1.0004  0.8255
   6.40 drone1  -0.9954  -0.9999  -0.1447  -1.0004  0.8507
   6.50 drone1  -0.9948  -1.0001  -0.1197  -1.0004  0.8751
   6.60 drone1  -0.9951  -1.0002  -0.0947  -1.0004  0.9004
   6.70 drone1  -0.9950  -1.0005  -0.0697  -1.0004  0.9253
   6.80 drone1  -0.9951  -1.0001  -0.0447  -1.0004  0.9504
   6.90 drone1  -0.9945  -1.0003  -0.0197  -1.0004  0.9748
   7.00 drone1  -0.9947  -0.9999  +0.0053  -1.0004  1.0000
   7.10 drone1  -0.9951  -1.0001  +0.0053  -0.9754  1.0007
   7.20 drone1  -0.9951  -1.0000  +0.0053  -0.9504  1.0016
   7.30 drone1  -0.9952  -1.0000  +0.0053  -0.9254  1.0032
   7.40 drone1  -0.9949  -1.0000  +0.0053  -0.9004  1.0051
   7.50 drone1  -0.9949  -1.0005  +0.0053  -0.8754  1.0080
