# Square flight log. Positions in metres, time in seconds
# since the algorithm started (motion begins at start_delay).
# t drone_id x y target_x target_y error
   0.10 drone1  -0.9406  -1.0648  -0.9406  -1.0648  0.0000
   0.20 drone1  -0.9402  -1.0651  -0.9406  -1.0648  0.0005
   0.30 drone1  -0.9404  -1.0648  -0.9406  -1.0648  0.0002
   0.40 drone1  -0.9405  -1.0649  -0.9406  -1.0648  0.0001
   0.50 drone1  -0.9403  -1.0649  -0.9406  -1.0648  0.0003
   0.60 drone1  -0.9405  -1.0646  -0.9406  -1.0648  0.0002
   0.70 drone1  -0.9404  -1.0648  -0.9406  -1.0648  0.0002
   0.80 drone1  -0.9406  -1.0649  -0.9406  -1.0648  0.0000
   0.90 drone1  -0.9404  -1.0648  -0.9406  -1.0648  0.0001
   1.00 drone1  -0.9403  -1.0648  -0.9406  -1.0648  0.0003
   1.10 drone1  -0.9405  -1.0649  -0.9406  -1.0648  0.0001
   1.20 drone1  -0.9404  -1.0650  -0.9406  -1.0648  0.0002
   1.30 drone1  -0.9402  -1.0648  -0.9406  -1.0648  0.0003
   1.40 drone1  -0.9405  -1.0648  -0.9406  -1.0648  0.0001
   1.50 drone1  -0.9403  -1.0648  -0.9406  -1.0648  0.0002
   1.60 drone1  -0.9402  -1.0651  -0.9406  -1.0648  0.0004
   1.70 drone1  -0.9404  -1.0649  -0.9406  -1.0648  0.0002
   1.80 drone1  -0.9404  -1.0649  -0.9406  -1.0648  0.0002
   1.90 drone1  -0.9404  -1.0651  -0.9406  -1.0648  0.0003
   2.00 drone1  -0.9402  -1.0651  -0.9406  -1.0648  0.0005
   2.10 drone1  -0.9403  -1.0648  -0.9406  -1.0648  0.0003
   2.20 drone1  -0.9403  -1.0651  -0.9406  -1.0648  0.0004
   2.30 drone1  -0.9404  -1.0648  -0.9406  -1.0648  0.0002
   2.40 drone1  -0.9403  -1.0648  -0.9406  -1.0648  0.0002
   2.50 drone1  -0.9403  -1.0648  -0.9406  -1.0648  0.0002
   2.60 drone1  -0.9402  -1.0650  -0.9406  -1.0648  0.0004
   2.70 drone1  -0.9405  -1.0648  -0.9406  -1.0648  0.0001
   2.80 drone1  -0.9404  -1.0648  -0.9406  -1.0648  0.0002
   2.90 drone1  -0.9405  -1.0648  -0.9406  -1.0648  0.0001
   3.00 drone1  -0.9404  -1.0648  -0.9406  -1.0648  0.0002
   3.10 drone1  -0.9402  -1.0652  -0.9156  -1.0648  0.0246
   3.20 drone1  -0.9405  -1.0648  -0.8906  -1.0648  0.0499
   3.30 drone1  -0.9405  -1.0650  -0.8656  -1.0648  0.0749
   3.40 drone1  -0.9403  -1.0648  -0.8406  -1.0648  0.0997
   3.50 drone1  -0.9400  -1.0647  -0.8156  -1.0648  0.1244
   3.60 drone1  -0.9407  -1.0649  -0.7906  -1.0648  0.1501
   3.70 drone1  -0.9404  -1.0650  -0.7656  -1.0648  0.1748
   3.80 drone1  -0.9401  -1.0652  -0.7406  -1.0648  0.1995
   3.90 drone1  -0.9404  -1.0648  -0.7156  -1.0648  0.2248
   4.00 drone1  -0.9404  -1.0648  -0.6906  -1.0648  0.2498
   4.10 drone1  -0.9403  -1.0651  -0.6656  -1.0648  0.2747
   4.20 drone1  -0.9405  -1.0649  -0.6406  -1.0648  0.2999
   4.30 drone1  -0.9403  -1.0651  -0.6156  -1.0648  0.3247
   4.40 drone1  -0.9403  -1.0649  -0.5906  -1.0648  0.3497
   4.50 drone1  -0.9405  -1.0654  -0.5656  -1.0648  0.3750
   4.60 drone1  -0.9405  -1.0649  -0.5406  -1.0648  0.4000
   4.70 drone1  -0.9405  -1.0648  -0.5156  -1.0648  0.4249
   4.80 drone1  -0.9404  -1.0649  -0.4906  -1.0648  0.4498
   4.90 drone1  -0.9404  -1.0648  -0.4656  -1.0648  0.4748
   5.00 drone1  -0.9406  -1.0648  -0.4406  -1.0648  0.5000
   5.10 drone1  -0.9405  -1.0648  -0.4156  -1.0648  0.5250
   5.20 drone1  -0.9402  -1.0648  -0.3906  -1.0648  0.5497
   5.30 drone1  -0.9405  -1.0650  -0.3656  -1.0648  0.5750
   5.40 drone1  -0.9404  -1.0649  -0.3406  -1.0648  0.5999
   5.50 drone1  -0.9406  -1.0651  -0.3156  -1.0648  0.6250
   5.60 drone1  -0.9405  -1.0649  -0.2906  -1.0648  0.6500
   5.70 drone1  -0.9402  -1.0651  -0.2656  -1.0648  0.6746
   5.80 drone1  -0.9405  -1.0649  -0.2406  -1.0648  0.6999
   5.90 drone1  -0.9405  -1.0649  -0.2156  -1.0648  0.7249
   6.00 drone1  -0.9405  -1.0648  -0.1906  -1.0648  0.7499
   6.10 drone1  -0.9402  -1.0648  -0.1656  -1.0648  0.7747
   6.20 drone1  -0.9403  -1.0647  -0.1406  -1.0648  0.7997
   6.30 drone1  -0.9401  -1.0651  -0.1156  -1.0648  0.8245
   6.40 drone1  -0.9405  -1.0649  -0.0906  -1.0648  0.8500
   6.50 drone1  -0.9404  -1.0649  -0.0656  -1.0648  0.8748
   6.60 drone1  -0.9405  -1.0649  -0.0406  -1.0648  0.8999
   6.70 drone1  -0.9401  -1.0650  -0.0156  -1.0648  0.9245
   6.80 drone1  -0.9405  -1.0648  +0.0094  -1.0648  0.9499
   6.90 drone1  -0.9403  -1.0648  +0.0344  -1.0648  0.9747
   7.00 drone1  -0.9403  -1.0648  +0.0594  -1.0648  0.9997
   7.10 drone1  -0.9401  -1.0651  +0.0844  -1.0648  1.0245
   7.20 drone1  -0.9404  -1.0648  +0.1094  -1.0648  1.0498
   7.30 drone1  -0.9404  -1.0648  +0.1344  -1.0648  1.0748
   7.40 drone1  -0.9405  -1.0648  +0.1594  -1.0648  1.0999
   7.50 drone1  -0.9405  -1.0648  +0.1844  -1.0648  1.1249
   7.60 drone1  -0.9404  -1.0648  +0.2094  -1.0648  1.1498
   7.70 drone1  -0.9404  -1.0648  +0.2344  -1.0648  1.1749
   7.80 drone1  -0.9406  -1.0650  +0.2594  -1.0648  1.2001
   7.90 drone1  -0.9401  -1.0651  +0.2844  -1.0648  1.2245
   8.00 drone1  -0.9401  -1.0651  +0.3094  -1.0648  1.2495
   8.10 drone1  -0.9404  -1.0648  +0.3344  -1.0648  1.2748
   8.20 drone1  -0.9404  -1.0648  +0.3594  -1.0648  1.2998
   8.30 drone1  -0.9404  -1.0649  +0.3844  -1.0648  1.3249
   8.40 drone1  -0.9403  -1.0651  +0.4094  -1.0648  1.3498
   8.50 drone1  -0.9405  -1.0650  +0.4344  -1.0648  1.3749
   8.60 drone1  -0.9404  -1.0648  +0.4594  -1.0648  1.3999
   8.70 drone1  -0.9403  -1.0648  +0.4844  -1.0648  1.4248
   8.80 drone1  -0.9404  -1.0650  +0.5094  -1.0648  1.4499
   8.90 drone1  -0.9400  -1.0651  +0.5344  -1.0648  1.4745
   9.00 drone1  -0.9401  -1.0651  +0.5594  -1.0648  1.4995
   9.10 drone1  -0.9403  -1.0648  +0.5844  -1.0648  1.5247
   9.20 drone1  -0.9404  -1.0648  +0.6094  -1.0648  1.5498
   9.30 drone1  -0.9401  -1.0648  +0.6344  -1.0648  1.5745
   9.40 drone1  -0.9404  -1.0649  +0.6594  -1.0648  1.5998
   9.50 drone1  -0.9402  -1.0654  +0.6844  -1.0648  1.6246
   9.60 drone1  -0.9405  -1.0649  +0.7094  -1.0648  1.6499
   9.70 drone1  -0.9404  -1.0651  +0.7344  -1.0648  1.6748
   9.80 drone1  -0.9405  -1.0648  +0.7594  -1.0648  1.7000
   9.90 drone1  -0.9400  -1.0647  +0.7844  -1.0648  1.7244
  10.00 drone1  -0.9405  -1.0649  +0.8094  -1.0648  1.7499
  10.10 drone1  -0.9403  -1.0648  +0.8344  -1.0648  1.7747
  10.20 drone1  -0.9404  -1.0648  +0.8594  -1.0648  1.7998
  10.30 drone1  -0.9403  -1.0648  +0.8844  -1.0648  1.8248
  10.40 drone1  -0.9403  -1.0651  +0.9094  -1.0648  1.8497
  10.50 drone1  -0.9405  -1.0649  +0.9344  -1.0648  1.8749
  10.60 drone1  -0.9406  -1.0648  +0.9594  -1.0648  1.9000
  10.70 drone1  -0.9405  -1.0649  +0.9844  -1.0648  1.9249
  10.80 drone1  -0.9404  -1.0648  +1.0094  -1.0648  1.9498
  10.90 drone1  -0.9405  -1.0649  +1.0344  -1.0648  1.9749
  11.00 drone1  -0.9404  -1.0648  +1.0594  -1.0648  1.9998
  11.10 drone1  -0.9403  -1.0652  +1.0594  -1.0398  1.9999
  11.20 drone1  -0.9405  -1.0649  +1.0594  -1.0148  2.0005
  11.30 drone1  -0.9401  -1.0653  +1.0594  -0.9898  2.0009
  11.40 drone1  -0.9404  -1.0648  +1.0594  -0.9648  2.0024
  11.50 drone1  -0.9405  -1.0648  +1.0594  -0.9398  2.0038
  11.60 drone1  -0.9403  -1.0648  +1.0594  -0.9148  2.0054
  11.70 drone1  -0.9404  -1.0649  +1.0594  -0.8898  2.0075
  11.80 drone1  -0.9403  -1.0648  +1.0594  -0.8648  2.0097
  11.90 drone1  -0.9403  -1.0648  +1.0594  -0.8398  2.0124
  12.00 drone1  -0.9406  -1.0648  +1.0594  -0.8148  2.0155
  12.10 drone1  -0.9400  -1.0652  +1.0594  -0.7898  2.0183
  12.20 drone1  -0.9403  -1.0648  +1.0594  -0.7648  2.0221
  12.30 drone1  -0.9403  -1.0651  +1.0594  -0.7398  2.0260
  12.40 drone1  -0.9403  -1.0650  +1.0594  -0.7148  2.0302
  12.50 drone1  -0.9403  -1.0650  +1.0594  -0.6898  2.0346
  12.60 drone1  -0.9405  -1.0648  +1.0594  -0.6648  2.0396
  12.70 drone1  -0.9403  -1.0648  +1.0594  -0.6398  2.0444
  12.80 drone1  -0.9401  -1.0650  +1.0594  -0.6148  2.0496
  12.90 drone1  -0.9403  -1.0648  +1.0594  -0.5898  2.0553
  13.00 drone1  -0.9404  -1.0648  +1.0594  -0.5648  2.0614
  13.10 drone1  -0.9404  -1.0649  +1.0594  -0.5398  2.0676
  13.20 drone1  -0.9403  -1.0654  +1.0594  -0.5148  2.0741
  13.30 drone1  -0.9401  -1.0650  +1.0594  -0.4898  2.0806
  13.40 drone1  -0.9404  -1.0649  +1.0594  -0.4648  2.0879
  13.50 drone1  -0.9403  -1.0648  +1.0594  -0.4398  2.0951
  13.60 drone1  -0.9404  -1.0649  +1.0594  -0.4148  2.1028
  13.70 drone1  -0.9405  -1.0649  +1.0594  -0.3898  2.1108
  13.80 drone1  -0.9406  -1.0649  +1.0594  -0.3648  2.1190
  13.90 drone1  -0.9403  -1.0650  +1.0594  -0.3398  2.1272
  14.00 drone1  -0.9399  -1.0654  +1.0594  -0.3148  2.1356
  14.10 drone1  -0.9406  -1.0648  +1.0594  -0.2898  2.1449
  14.20 drone1  -0.9403  -1.0649  +1.0594  -0.2648  2.1538
  14.30 drone1  -0.9404  -1.0649  +1.0594  -0.2398  2.1633
  14.40 drone1  -0.9404  -1.0648  +1.0594  -0.2148  2.1730
  14.50 drone1  -0.9405  -1.0648  +1.0594  -0.1898  2.1829
  14.60 drone1  -0.9404  -1.0649  +1.0594  -0.1648  2.1930
  14.70 drone1  -0.9405  -1.0649  +1.0594  -0.1398  2.2035
  14.80 drone1  -0.9403  -1.0648  +1.0594  -0.1148  2.2139
  14.90 drone1  -0.9405  -1.0650  +1.0594  -0.0898  2.2250
  15.00 drone1  -0.9403  -1.0648  +1.0594  -0.0648  2.2358
  15.10 drone1  -0.9405  -1.0648  +1.0594  -0.0398  2.2472
  15.20 drone1  -0.9405  -1.0650  +1.0594  -0.0148  2.2589
  15.30 drone1  -0.9405  -1.0650  +1.0594  +0.0102  2.2706
  15.40 drone1  -0.9402  -1.0651  +1.0594  +0.0352  2.2823
  15.50 drone1  -0.9402  -1.0648  +1.0594  +0.0602  2.2944
  15.60 drone1  -0.9403  -1.0648  +1.0594  +0.0852  2.3068
  15.70 drone1  -0.9403  -1.0647  +1.0594  +0.1102  2.3194
  15.80 drone1  -0.9405  -1.0649  +1.0594  +0.1352  2.3323
  15.90 drone1  -0.9405  -1.0648  +1.0594  +0.1602  2.3453
  16.00 drone1  -0.9403  -1.0652  +1.0594  +0.1852  2.3585
  16.10 drone1  -0.9404  -1.0649  +1.0594  +0.2102  2.3717
  16.20 drone1  -0.9405  -1.0650  +1.0594  +0.2352  2.3854
  16.30 drone1  -0.9404  -1.0649  +1.0594  +0.2602  2.3990
  16.40 drone1  -0.9407  -1.0649  +1.0594  +0.2852  2.4131
  16.50 drone1  -0.9405  -1.0649  +1.0594  +0.3102  2.4271
  16.60 drone1  -0.9404  -1.0648  +1.0594  +0.3352  2.4411
  16.70 drone1  -0.9403  -1.0651  +1.0594  +0.3602  2.4557
  16.80 drone1  -0.9405  -1.0648  +1.0594  +0.3852  2.4703
  16.90 drone1  -0.9403  -1.0648  +1.0594  +0.4102  2.4848
  17.00 drone1  -0.9403  -1.0648  +1.0594  +0.4352  2.4998
  17.10 drone1  -0.9402  -1.0651  +1.0594  +0.4602  2.5149
  17.20 drone1  -0.9405  -1.0648  +1.0594  +0.4852  2.5302
  17.30 drone1  -0.9404  -1.0648  +1.0594  +0.5102  2.5456
  17.40 drone1  -0.9403  -1.0648  +1.0594  +0.5352  2.5610
  17.50 drone1  -0.9404  -1.0648  +1.0594  +0.5602  2.5768
  17.60 drone1  -0.9403  -1.0652  +1.0594  +0.5852  2.5929
  17.70 drone1  -0.9404  -1.0649  +1.0594  +0.6102  2.6087
  17.80 drone1  -0.9403  -1.0648  +1.0594  +0.6352  2.6247
  17.90 drone1  -0.9404  -1.0649  +1.0594  +0.6602  2.6411
  18.00 drone1  -0.9403  -1.0648  +1.0594  +0.6852  2.6573
  18.10 drone1  -0.9401  -1.0651  +1.0594  +0.7102  2.6739
  18.20 drone1  -0.9404  -1.0649  +1.0594  +0.7352  2.6907
  18.30 drone1  -0.9403  -1.0651  +1.0594  +0.7602  2.7075
  18.40 drone1  -0.9405  -1.0649  +1.0594  +0.7852  2.7244
  18.50 drone1  -0.9401  -1.0653  +1.0594  +0.8102  2.7414
  18.60 drone1  -0.9403  -1.0651  +1.0594  +0.8352  2.7587
  18.70 drone1  -0.9403  -1.0649  +1.0594  +0.8602  2.7757
  18.80 drone1  -0.9403  -1.0648  +1.0594  +0.8852  2.7931
  18.90 drone1  -0.9406  -1.0648  +1.0594  +0.9102  2.8108
  19.00 drone1  -0.9405  -1.0648  +1.0594  +0.9352  2.8284
  19.10 drone1  -0.9406  -1.0650  +1.0344  +0.9352  2.8110
  19.20 drone1  -0.9402  -1.0649  +1.0094  +0.9352  2.7931
  19.30 drone1  -0.9404  -1.0649  +0.9844  +0.9352  2.7758
  19.40 drone1  -0.9404  -1.0648  +0.9594  +0.9352  2.7585
  19.50 drone1  -0.9400  -1.0650  +0.9344  +0.9352  2.7412
  19.60 drone1  -0.9402  -1.0648  +0.9094  +0.9352  2.7242
  19.70 drone1  -0.9405  -1.0648  +0.8844  +0.9352  2.7074
  19.80 drone1  -0.9404  -1.0648  +0.8594  +0.9352  2.6906
  19.90 drone1  -0.9402  -1.0651  +0.8344  +0.9352  2.6740
  20.00 drone1  -0.9402  -1.0649  +0.8094  +0.9352  2.6573
  20.10 drone1  -0.9405  -1.0651  +0.7844  +0.9352  2.6413
  20.20 drone1  -0.9405  -1.0648  +0.7594  +0.9352  2.6248
  20.30 drone1  -0.9402  -1.0651  +0.7344  +0.9352  2.6088
  20.40 drone1  -0.9403  -1.0651  +0.7094  +0.9352  2.5928
  20.50 drone1  -0.9402  -1.0648  +0.6844  +0.9352  2.5767
  20.60 drone1  -0.9404  -1.0648  +0.6594  +0.9352  2.5612
  20.70 drone1  -0.9405  -1.0650  +0.6344  +0.9352  2.5458
  20.80 drone1  -0.9403  -1.0649  +0.6094  +0.9352  2.5302
  20.90 drone1  -0.9404  -1.0648  +0.5844  +0.9352  2.5149
  21.00 drone1  -0.9405  -1.0649  +0.5594  +0.9352  2.5000
  21.10 drone1  -0.9405  -1.0650  +0.5344  +0.9352  2.4852
  21.20 drone1  -0.9405  -1.0649  +0.5094  +0.9352  2.4703
  21.30 drone1  -0.9404  -1.0652  +0.4844  +0.9352  2.4559
  21.40 drone1  -0.9403  -1.0648  +0.4594  +0.9352  2.4411
  21.50 drone1  -0.9404  -1.0648  +0.4344  +0.9352  2.4270
  21.60 drone1  -0.9404  -1.0648  +0.4094  +0.9352  2.4129
  21.70 drone1  -0.9405  -1.0648  +0.3844  +0.9352  2.3991
  21.80 drone1  -0.9404  -1.0653  +0.3594  +0.9352  2.3857
  21.90 drone1  -0.9404  -1.0649  +0.3344  +0.9352  2.3718
  22.00 drone1  -0.9403  -1.0649  +0.3094  +0.9352  2.3584
  22.10 drone1  -0.9400  -1.0651  +0.2844  +0.9352  2.3452
  22.20 drone1  -0.9405  -1.0648  +0.2594  +0.9352  2.3323
  22.30 drone1  -0.9402  -1.0652  +0.2344  +0.9352  2.3198
  22.40 drone1  -0.9404  -1.0649  +0.2094  +0.9352  2.3070
  22.50 drone1  -0.9406  -1.0650  +0.1844  +0.9352  2.2948
  22.60 drone1  -0.9404  -1.0648  +0.1594  +0.9352  2.2824
  22.70 drone1  -0.9403  -1.0648  +0.1344  +0.9352  2.2705
  22.80 drone1  -0.9402  -1.0648  +0.1094  +0.9352  2.2587
  22.90 drone1  -0.9404  -1.0648  +0.0844  +0.9352  2.2473
  23.00 drone1  -0.9403  -1.0648  +0.0594  +0.9352  2.2359
  23.10 drone1  -0.9401  -1.0651  +0.0344  +0.9352  2.2250
  23.20 drone1  -0.9404  -1.0647  +0.0094  +0.9352  2.2140
  23.30 drone1  -0.9404  -1.0647  -0.0156  +0.9352  2.2034
  23.40 drone1  -0.9405  -1.0649  -0.0406  +0.9352  2.1932
  23.50 drone1  -0.9406  -1.0649  -0.0656  +0.9352  2.1831
  23.60 drone1  -0.9403  -1.0651  -0.0906  +0.9352  2.1732
  23.70 drone1  -0.9404  -1.0649  -0.1156  +0.9352  2.1635
  23.80 drone1  -0.9404  -1.0649  -0.1406  +0.9352  2.1540
  23.90 drone1  -0.9406  -1.0651  -0.1656  +0.9352  2.1452
  24.00 drone1  -0.9403  -1.0649  -0.1906  +0.9352  2.1359
  24.10 drone1  -0.9403  -1.0648  -0.2156  +0.9352  2.1272
  24.20 drone1  -0.9402  -1.0650  -0.2406  +0.9352  2.1190
  24.30 drone1  -0.9404  -1.0648  -0.2656  +0.9352  2.1107
  24.40 drone1  -0.9407  -1.0648  -0.2906  +0.9352  2.1030
  24.50 drone1  -0.9404  -1.0651  -0.3156  +0.9352  2.0955
  24.60 drone1  -0.9404  -1.0649  -0.3406  +0.9352  2.0880
  24.70 drone1  -0.9403  -1.0651  -0.3656  +0.9352  2.0811
  24.80 drone1  -0.9404  -1.0648  -0.3906  +0.9352  2.0742
  24.90 drone1  -0.9403  -1.0648  -0.4156  +0.9352  2.0677
  25.00 drone1  -0.9403  -1.0651  -0.4406  +0.9352  2.0618
  25.10 drone1  -0.9404  -1.0648  -0.4656  +0.9352  2.0556
  25.20 drone1  -0.9404  -1.0649  -0.4906  +0.9352  2.0500
  25.30 drone1  -0.9402  -1.0651  -0.5156  +0.9352  2.0448
  25.40 drone1  -0.9404  -1.0649  -0.5406  +0.9352  2.0396
  25.50 drone1  -0.9401  -1.0651  -0.5656  +0.9352  2.0350
  25.60 drone1  -0.9400  -1.0655  -0.5906  +0.9352  2.0310
  25.70 drone1  -0.9400  -1.0659  -0.6156  +0.9352  2.0272
  25.80 drone1  -0.9399  -1.0661  -0.6406  +0.9352  2.0235
  25.90 drone1  -0.9397  -1.0661  -0.6656  +0.9352  2.0199
  26.00 drone1  -0.9395  -1.0660  -0.6906  +0.9352  2.0166
  26.10 drone1  -0.9397  -1.0662  -0.7156  +0.9352  2.0138
  26.20 drone1  -0.9397  -1.0658  -0.7406  +0.9352  2.0109
  26.30 drone1  -0.9399  -1.0655  -0.7656  +0.9352  2.0082
  26.40 drone1  -0.9402  -1.0655  -0.7906  +0.9352  2.0063
  26.50 drone1  -0.9404  -1.0650  -0.8156  +0.9352  2.0041
  26.60 drone1  -0.9404  -1.0648  -0.8406  +0.9352  2.0025
  26.70 drone1  -0.9405  -1.0648  -0.8656  +0.9352  2.0014
  26.80 drone1  -0.9404  -1.0651  -0.8906  +0.9352  2.0009
  26.90 drone1  -0.9403  -1.0648  -0.9156  +0.9352  2.0002
  27.00 drone1  -0.9407  -1.0648  -0.9406  +0.9352  2.0000
  27.10 drone1  -0.9406  -1.0648  -0.9406  +0.9102  1.9750
  27.20 drone1  -0.9408  -1.0647  -0.9406  +0.8852  1.9499
  27.30 drone1  -0.9402  -1.0651  -0.9406  +0.8602  1.9252
  27.40 drone1  -0.9404  -1.0648  -0.9406  +0.8352  1.8999
  27.50 drone1  -0.9405  -1.0648  -0.9406  +0.8102  1.8750
  27.60 drone1  -0.9402  -1.0650  -0.9406  +0.7852  1.8502
  27.70 drone1  -0.9405  -1.0649  -0.9406  +0.7602  1.8250
  27.80 drone1  -0.9402  -1.0653  -0.9406  +0.7352  1.8005
  27.90 drone1  -0.9401  -1.0651  -0.9406  +0.7102  1.7752
  28.00 drone1  -0.9396  -1.0653  -0.9406  +0.6852  1.7505
  28.10 drone1  -0.9406  -1.0649  -0.9406  +0.6602  1.7251
  28.20 drone1  -0.9402  -1.0651  -0.9406  +0.6352  1.7002
  28.30 drone1  -0.9405  -1.0648  -0.9406  +0.6102  1.6750
  28.40 drone1  -0.9404  -1.0648  -0.9406  +0.5852  1.6500
  28.50 drone1  -0.9405  -1.0649  -0.9406  +0.5602  1.6250
  28.60 drone1  -0.9403  -1.0649  -0.9406  +0.5352  1.6000
  28.70 drone1  -0.9405  -1.0649  -0.9406  +0.5102  1.5751
  28.80 drone1  -0.9403  -1.0648  -0.9406  +0.4852  1.5499
  28.90 drone1  -0.9406  -1.0648  -0.9406  +0.4602  1.5250
  29.00 drone1  -0.9401  -1.0654  -0.9406  +0.4352  1.5006
  29.10 drone1  -0.9402  -1.0648  -0.9406  +0.4102  1.4750
  29.20 drone1  -0.9399  -1.0646  -0.9406  +0.3852  1.4498
  29.30 drone1  -0.9406  -1.0650  -0.9406  +0.3602  1.4252
  29.40 drone1  -0.9407  -1.0649  -0.9406  +0.3352  1.4001
  29.50 drone1  -0.9405  -1.0649  -0.9406  +0.3102  1.3751
  29.60 drone1  -0.9405  -1.0648  -0.9406  +0.2852  1.3500
  29.70 drone1  -0.9405  -1.0649  -0.9406  +0.2602  1.3250
  29.80 drone1  -0.9402  -1.0652  -0.9406  +0.2352  1.3003
  29.90 drone1  -0.9406  -1.0648  -0.9406  +0.2102  1.2750
  30.00 drone1  -0.9400  -1.0650  -0.9406  +0.1852  1.2502
  30.10 drone1  -0.9404  -1.0649  -0.9406  +0.1602  1.2250
  30.20 drone1  -0.9403  -1.0651  -0.9406  +0.1352  1.2003
  30.30 drone1  -0.9403  -1.0649  -0.9406  +0.1102  1.1750
  30.40 drone1  -0.9403  -1.0648  -0.9406  +0.0852  1.1500
  30.50 drone1  -0.9404  -1.0648  -0.9406  +0.0602  1.1250
  30.60 drone1  -0.9402  -1.0651  -0.9406  +0.0352  1.1003
  30.70 drone1  -0.9402  -1.0652  -0.9406  +0.0102  1.0753
  30.80 drone1  -0.9403  -1.0650  -0.9406  -0.0148  1.0501
  30.90 drone1  -0.9403  -1.0648  -0.9406  -0.0398  1.0250
  31.00 drone1  -0.9405  -1.0649  -0.9406  -0.0648  1.0000
  31.10 drone1  -0.9403  -1.0651  -0.9406  -0.0898  0.9753
  31.20 drone1  -0.9402  -1.0648  -0.9406  -0.1148  0.9499
  31.30 drone1  -0.9405  -1.0650  -0.9406  -0.1398  0.9252
  31.40 drone1  -0.9403  -1.0650  -0.9406  -0.1648  0.9002
  31.50 drone1  -0.9405  -1.0650  -0.9406  -0.1898  0.8751
  31.60 drone1  -0.9403  -1.0652  -0.9406  -0.2148  0.8503
  31.70 drone1  -0.9404  -1.0648  -0.9406  -0.2398  0.8250
  31.80 drone1  -0.9401  -1.0647  -0.9406  -0.2648  0.7999
  31.90 drone1  -0.9404  -1.0651  -0.9406  -0.2898  0.7752
  32.00 drone1  -0.9401  -1.0651  -0.9406  -0.3148  0.7503
  32.10 drone1  -0.9404  -1.0648  -0.9406  -0.3398  0.7249
  32.20 drone1  -0.9404  -1.0648  -0.9406  -0.3648  0.7000
  32.30 drone1  -0.9400  -1.0650  -0.9406  -0.3898  0.6751
  32.40 drone1  -0.9405  -1.0648  -0.9406  -0.4148  0.6500
  32.50 drone1  -0.9400  -1.0650  -0.9406  -0.4398  0.6252
  32.60 drone1  -0.9403  -1.0648  -0.9406  -0.4648  0.6000
  32.70 drone1  -0.9404  -1.0649  -0.9406  -0.4898  0.5750
  32.80 drone1  -0.9402  -1.0650  -0.9406  -0.5148  0.5502
  32.90 drone1  -0.9403  -1.0648  -0.9406  -0.5398  0.5250
  33.00 drone1  -0.9404  -1.0649  -0.9406  -0.5648  0.5000
  33.10 drone1  -0.9403  -1.0648  -0.9406  -0.5898  0.4749
  33.20 drone1  -0.9404  -1.0648  -0.9406  -0.6148  0.4499
  33.30 drone1  -0.9404  -1.0649  -0.9406  -0.6398  0.4251
  33.40 drone1  -0.9403  -1.0648  -0.9406  -0.6648  0.4000
  33.50 drone1  -0.9404  -1.0648  -0.9406  -0.6898  0.3750
  33.60 drone1  -0.9402  -1.0648  -0.9406  -0.7148  0.3499
  33.70 drone1  -0.9404  -1.0649  -0.9406  -0.7398  0.3250
  33.80 drone1  -0.9405  -1.0648  -0.9406  -0.7648  0.3000
  33.90 drone1  -0.9406  -1.0648  -0.9406  -0.7898  0.2749
  34.00 drone1  -0.9404  -1.0649  -0.9406  -0.8148  0.2500
  34.10 drone1  -0.9406  -1.0649  -0.9406  -0.8398  0.2251
  34.20 drone1  -0.9405  -1.0648  -0.9406  -0.8648  0.2000
  34.30 drone1  -0.9404  -1.0649  -0.9406  -0.8898  0.1751
  34.40 drone1  -0.9404  -1.0648  -0.9406  -0.9148  0.1500
  34.50 drone1  -0.9400  -1.0653  -0.9406  -0.9398  0.1255
  34.60 drone1  -0.9400  -1.0646  -0.9406  -0.9648  0.0998
  34.70 drone1  -0.9402  -1.0648  -0.9406  -0.9898  0.0750
  34.80 drone1  -0.9404  -1.0649  -0.9406  -1.0148  0.0500
  34.90 drone1  -0.9403  -1.0649  -0.9406  -1.0398  0.0251
  35.00 drone1  -0.9403  -1.0651  -0.9406  -1.0648  0.0004
  35.10 drone1  -0.9406  -1.0648  -0.9156  -1.0648  0.0250
  35.20 drone1  -0.9404  -1.0652  -0.8906  -1.0648  0.0498
  35.30 drone1  -0.9405  -1.0648  -0.8656  -1.0648  0.0749
  35.40 drone1  -0.9404  -1.0648  -0.8406  -1.0648  0.0999
  35.50 drone1  -0.9404  -1.0649  -0.8156  -1.0648  0.1248
  35.60 drone1  -0.9405  -1.0648  -0.7906  -1.0648  0.1499
  35.70 drone1  -0.9404  -1.0649  -0.7656  -1.0648  0.1748
  35.80 drone1  -0.9403  -1.0648  -0.7406  -1.0648  0.1998
  35.90 drone1  -0.9403  -1.0648  -0.7156  -1.0648  0.2248
  36.00 drone1  -0.9403  -1.0648  -0.6906  -1.0648  0.2497
  36.10 drone1  -0.9405  -1.0648  -0.6656  -1.0648  0.2749
  36.20 drone1  -0.9401  -1.0649  -0.6406  -1.0648  0.2995
  36.30 drone1  -0.9404  -1.0648  -0.6156  -1.0648  0.3248
  36.40 drone1  -0.9405  -1.0651  -0.5906  -1.0648  0.3499
  36.50 drone1  -0.9402  -1.0653  -0.5656  -1.0648  0.3747
  36.60 drone1  -0.9406  -1.0651  -0.5406  -1.0648  0.4000
  36.70 drone1  -0.9401  -1.0653  -0.5156  -1.0648  0.4245
  36.80 drone1  -0.9404  -1.0651  -0.4906  -1.0648  0.4498
  36.90 drone1  -0.9402  -1.0653  -0.4656  -1.0648  0.4746
  37.00 drone1  -0.9400  -1.0651  -0.4406  -1.0648  0.4994
  37.10 drone1  -0.9405  -1.0649  -0.4156  -1.0648  0.5249
  37.20 drone1  -0.9403  -1.0648  -0.3906  -1.0648  0.5497
  37.30 drone1  -0.9402  -1.0651  -0.3656  -1.0648  0.5746
  37.40 drone1  -0.9404  -1.0648  -0.3406  -1.0648  0.5998
  37.50 drone1  -0.9403  -1.0649  -0.3156  -1.0648  0.6247
  37.60 drone1  -0.9403  -1.0648  -0.2906  -1.0648  0.6498
  37.70 drone1  -0.9401  -1.0649  -0.2656  -1.0648  0.6745
  37.80 drone1  -0.9407  -1.0649  -0.2406  -1.0648  0.7001
  37.90 drone1  -0.9403  -1.0648  -0.2156  -1.0648  0.7247
  38.00 drone1  -0.9402  -1.0648  -0.1906  -1.0648  0.7496
  38.10 drone1  -0.9403  -1.0651  -0.1656  -1.0648  0.7747
  38.20 drone1  -0.9405  -1.0651  -0.1406  -1.0648  0.7999
  38.30 drone1  -0.9400  -1.0647  -0.1156  -1.0648  0.8245
  38.40 drone1  -0.9403  -1.0651  -0.0906  -1.0648  0.8497
  38.50 drone1  -0.9406  -1.0648  -0.0656  -1.0648  0.8750
  38.60 drone1  -0.9406  -1.0648  -0.0406  -1.0648  0.9000
  38.70 drone1  -0.9404  -1.0648  -0.0156  -1.0648  0.9248
  38.80 drone1  -0.9402  -1.0648  +0.0094  -1.0648  0.9497
  38.90 drone1  -0.9405  -1.0647  +0.0344  -1.0648  0.9749
  39.00 drone1  -0.9404  -1.0649  +0.0594  -1.0648  0.9998
  39.10 drone1  -0.9404  -1.0649  +0.0844  -1.0648  1.0248
  39.20 drone1  -0.9405  -1.0649  +0.1094  -1.0648  1.0499
  39.30 drone1  -0.9406  -1.0648  +0.1344  -1.0648  1.0750
  39.40 drone1  -0.9402  -1.0651  +0.1594  -1.0648  1.0996
  39.50 drone1  -0.9403  -1.0648  +0.1844  -1.0648  1.1247
  39.60 drone1  -0.9405  -1.0648  +0.2094  -1.0648  1.1499
  39.70 drone1  -0.9404  -1.0653  +0.2344  -1.0648  1.1748
  39.80 drone1  -0.9404  -1.0649  +0.2594  -1.0648  1.1998
  39.90 drone1  -0.9403  -1.0648  +0.2844  -1.0648  1.2248
  40.00 drone1  -0.9403  -1.0649  +0.3094  -1.0648  1.2497
  40.10 drone1  -0.9404  -1.0649  +0.3344  -1.0648  1.2748
  40.20 drone1  -0.9404  -1.0648  +0.3594  -1.0648  1.2998
  40.30 drone1  -0.9405  -1.0648  +0.3844  -1.0648  1.3250
  40.40 drone1  -0.9403  -1.0650  +0.4094  -1.0648  1.3497
  40.50 drone1  -0.9403  -1.0648  +0.4344  -1.0648  1.3747
  40.60 drone1  -0.9405  -1.0649  +0.4594  -1.0648  1.4000
  40.70 drone1  -0.9405  -1.0648  +0.4844  -1.0648  1.4249
  40.80 drone1  -0.9404  -1.0649  +0.5094  -1.0648  1.4499
  40.90 drone1  -0.9404  -1.0651  +0.5344  -1.0648  1.4748
  41.00 drone1  -0.9403  -1.0650  +0.5594  -1.0648  1.4997
  41.10 drone1  -0.9404  -1.0653  +0.5844  -1.0648  1.5248
  41.20 drone1  -0.9406  -1.0648  +0.6094  -1.0648  1.5500
  41.30 drone1  -0.9404  -1.0647  +0.6344  -1.0648  1.5749
  41.40 drone1  -0.9407  -1.0649  +0.6594  -1.0648  1.6001
  41.50 drone1  -0.9403  -1.0651  +0.6844  -1.0648  1.6247
  41.60 drone1  -0.9403  -1.0648  +0.7094  -1.0648  1.6498
  41.70 drone1  -0.9403  -1.0647  +0.7344  -1.0648  1.6748
  41.80 drone1  -0.9402  -1.0651  +0.7594  -1.0648  1.6996
  41.90 drone1  -0.9404  -1.0648  +0.7844  -1.0648  1.7248
  42.00 drone1  -0.9402  -1.0648  +0.8094  -1.0648  1.7497
  42.10 drone1  -0.9405  -1.0648  +0.8344  -1.0648  1.7749
  42.20 drone1  -0.9405  -1.0651  +0.8594  -1.0648  1.7999
  42.30 drone1  -0.9405  -1.0647  +0.8844  -1.0648  1.8250
  42.40 drone1  -0.9409  -1.0652  +0.9094  -1.0648  1.8504
  42.50 drone1  -0.9403  -1.0648  +0.9344  -1.0648  1.8747
  42.60 drone1  -0.9402  -1.0648  +0.9594  -1.0648  1.8997
  42.70 drone1  -0.9404  -1.0649  +0.9844  -1.0648  1.9248
  42.80 drone1  -0.9404  -1.0648  +1.0094  -1.0648  1.9498
  42.90 drone1  -0.9405  -1.0652  +1.0344  -1.0648  1.9749
  43.00 drone1  -0.9403  -1.0648  +1.0594  -1.0648  1.9998
  43.10 drone1  -0.9404  -1.0649  +1.0594  -1.0398  2.0000
  43.20 drone1  -0.9405  -1.0648  +1.0594  -1.0148  2.0006
  43.30 drone1  -0.9403  -1.0649  +1.0594  -0.9898  2.0012
  43.40 drone1  -0.9404  -1.0652  +1.0594  -0.9648  2.0023
  43.50 drone1  -0.9404  -1.0650  +1.0594  -0.9398  2.0037
  43.60 drone1  -0.9407  -1.0650  +1.0594  -0.9148  2.0057
  43.70 drone1  -0.9406  -1.0648  +1.0594  -0.8898  2.0077
  43.80 drone1  -0.9404  -1.0648  +1.0594  -0.8648  2.0098
  43.90 drone1  -0.9406  -1.0651  +1.0594  -0.8398  2.0127
  44.00 drone1  -0.9407  -1.0650  +1.0594  -0.8148  2.0157
  44.10 drone1  -0.9405  -1.0648  +1.0594  -0.7898  2.0188
  44.20 drone1  -0.9401  -1.0648  +1.0594  -0.7648  2.0219
  44.30 drone1  -0.9405  -1.0649  +1.0594  -0.7398  2.0262
  44.40 drone1  -0.9405  -1.0649  +1.0594  -0.7148  2.0303
  44.50 drone1  -0.9404  -1.0648  +1.0594  -0.6898  2.0347
  44.60 drone1  -0.9404  -1.0649  +1.0594  -0.6648  2.0394
  44.70 drone1  -0.9403  -1.0648  +1.0594  -0.6398  2.0444
  44.80 drone1  -0.9406  -1.0649  +1.0594  -0.6148  2.0501
  44.90 drone1  -0.9405  -1.0648  +1.0594  -0.5898  2.0555
  45.00 drone1  -0.9407  -1.0654  +1.0594  -0.5648  2.0618
  45.10 drone1  -0.9404  -1.0648  +1.0594  -0.5398  2.0676
  45.20 drone1  -0.9403  -1.0649  +1.0594  -0.5148  2.0740
  45.30 drone1  -0.9406  -1.0650  +1.0594  -0.4898  2.0811
  45.40 drone1  -0.9406  -1.0649  +1.0594  -0.4648  2.0881
  45.50 drone1  -0.9404  -1.0650  +1.0594  -0.4398  2.0953
  45.60 drone1  -0.9402  -1.0650  +1.0594  -0.4148  2.1027
  45.70 drone1  -0.9404  -1.0648  +1.0594  -0.3898  2.1106
  45.80 drone1  -0.9405  -1.0648  +1.0594  -0.3648  2.1188
  45.90 drone1  -0.9405  -1.0649  +1.0594  -0.3398  2.1273
  46.00 drone1  -0.9404  -1.0648  +1.0594  -0.3148  2.1358
  46.10 drone1  -0.9403  -1.0651  +1.0594  -0.2898  2.1447
  46.20 drone1  -0.9404  -1.0648  +1.0594  -0.2648  2.1539
  46.30 drone1  -0.9403  -1.0650  +1.0594  -0.2398  2.1633
  46.40 drone1  -0.9405  -1.0648  +1.0594  -0.2148  2.1730
  46.50 drone1  -0.9406  -1.0649  +1.0594  -0.1898  2.1831
  46.60 drone1  -0.9405  -1.0649  +1.0594  -0.1648  2.1932
  46.70 drone1  -0.9405  -1.0648  +1.0594  -0.1398  2.2034
  46.80 drone1  -0.9405  -1.0648  +1.0594  -0.1148  2.2140
  46.90 drone1  -0.9405  -1.0649  +1.0594  -0.0898  2.2250
  47.00 drone1  -0.9405  -1.0649  +1.0594  -0.0648  2.2360
  47.10 drone1  -0.9404  -1.0648  +1.0594  -0.0398  2.2472
  47.20 drone1  -0.9404  -1.0648  +1.0594  -0.0148  2.2587
  47.30 drone1  -0.9406  -1.0650  +1.0594  +0.0102  2.2707
  47.40 drone1  -0.9405  -1.0651  +1.0594  +0.0352  2.2826
  47.50 drone1  -0.9405  -1.0651  +1.0594  +0.0602  2.2948
  47.60 drone1  -0.9404  -1.0648  +1.0594  +0.0852  2.3069
  47.70 drone1  -0.9406  -1.0649  +1.0594  +0.1102  2.3197
  47.80 drone1  -0.9405  -1.0648  +1.0594  +0.1352  2.3323
  47.90 drone1  -0.9403  -1.0648  +1.0594  +0.1602  2.3451
  48.00 drone1  -0.9405  -1.0648  +1.0594  +0.1852  2.3584
  48.10 drone1  -0.9403  -1.0647  +1.0594  +0.2102  2.3715
  48.20 drone1  -0.9403  -1.0648  +1.0594  +0.2352  2.3851
  48.30 drone1  -0.9404  -1.0648  +1.0594  +0.2602  2.3989
  48.40 drone1  -0.9401  -1.0651  +1.0594  +0.2852  2.4127
  48.50 drone1  -0.9403  -1.0649  +1.0594  +0.3102  2.4269
  48.60 drone1  -0.9401  -1.0650  +1.0594  +0.3352  2.4410
  48.70 drone1  -0.9404  -1.0651  +1.0594  +0.3602  2.4557
  48.80 drone1  -0.9405  -1.0649  +1.0594  +0.3852  2.4703
  48.90 drone1  -0.9405  -1.0648  +1.0594  +0.4102  2.4850
  49.00 drone1  -0.9404  -1.0649  +1.0594  +0.4352  2.4999
  49.10 drone1  -0.9404  -1.0648  +1.0594  +0.4602  2.5150
  49.20 drone1  -0.9405  -1.0648  +1.0594  +0.4852  2.5302
  49.30 drone1  -0.9403  -1.0648  +1.0594  +0.5102  2.5455
  49.40 drone1  -0.9402  -1.0655  +1.0594  +0.5352  2.5614
  49.50 drone1  -0.9404  -1.0648  +1.0594  +0.5602  2.5768
  49.60 drone1  -0.9406  -1.0650  +1.0594  +0.5852  2.5929
  49.70 drone1  -0.9406  -1.0650  +1.0594  +0.6102  2.6089
  49.80 drone1  -0.9404  -1.0650  +1.0594  +0.6352  2.6249
  49.90 drone1  -0.9406  -1.0649  +1.0594  +0.6602  2.6412
