# Square flight log. Positions in metres, time in seconds
# since the algorithm started (motion begins at start_delay).
# t drone_id x y target_x target_y error
   0.10 drone1  -1.0356  -0.9677  -1.0356  -0.9677  0.0000
   0.20 drone1  -1.0356  -0.9678  -1.0356  -0.9677  0.0001
   0.30 drone1  -1.0355  -0.9677  -1.0356  -0.9677  0.0001
   0.40 drone1  -1.0355  -0.9678  -1.0356  -0.9677  0.0002
   0.50 drone1  -1.0355  -0.9677  -1.0356  -0.9677  0.0001
   0.60 drone1  -1.0356  -0.9676  -1.0356  -0.9677  0.0000
   0.70 drone1  -1.0355  -0.9676  -1.0356  -0.9677  0.0000
   0.80 drone1  -1.0356  -0.9676  -1.0356  -0.9677  0.0001
   0.90 drone1  -1.0355  -0.9677  -1.0356  -0.9677  0.0001
   1.00 drone1  -1.0355  -0.9677  -1.0356  -0.9677  0.0001
   1.10 drone1  -1.0356  -0.9675  -1.0356  -0.9677  0.0002
   1.20 drone1  -1.0354  -0.9676  -1.0356  -0.9677  0.0001
   1.30 drone1  -1.0355  -0.9678  -1.0356  -0.9677  0.0001
   1.40 drone1  -1.0354  -0.9678  -1.0356  -0.9677  0.0002
   1.50 drone1  -1.0355  -0.9676  -1.0356  -0.9677  0.0001
   1.60 drone1  -1.0355  -0.9675  -1.0356  -0.9677  0.0002
   1.70 drone1  -1.0356  -0.9676  -1.0356  -0.9677  0.0001
   1.80 drone1  -1.0355  -0.9676  -1.0356  -0.9677  0.0001
   1.90 drone1  -1.0354  -0.9677  -1.0356  -0.9677  0.0002
   2.00 drone1  -1.0354  -0.9678  -1.0356  -0.9677  0.0002
   2.10 drone1  -1.0356  -0.9676  -1.0356  -0.9677  0.0001
   2.20 drone1  -1.0355  -0.9677  -1.0356  -0.9677  0.0001
   2.30 drone1  -1.0355  -0.9676  -1.0356  -0.9677  0.0001
   2.40 drone1  -1.0355  -0.9678  -1.0356  -0.9677  0.0001
   2.50 drone1  -1.0356  -0.9676  -1.0356  -0.9677  0.0001
   2.60 drone1  -1.0356  -0.9676  -1.0356  -0.9677  0.0001
   2.70 drone1  -1.0355  -0.9676  -1.0356  -0.9677  0.0001
   2.80 drone1  -1.0355  -0.9677  -1.0356  -0.9677  0.0000
   2.90 drone1  -1.0355  -0.9678  -1.0356  -0.9677  0.0001
   3.00 drone1  -1.0356  -0.9676  -1.0356  -0.9677  0.0001
   3.10 drone1  -1.0355  -0.9677  -1.0206  -0.9677  0.0149
   3.20 drone1  -1.0355  -0.9680  -1.0056  -0.9677  0.0300
   3.30 drone1  -1.0356  -0.9679  -0.9906  -0.9677  0.0450
   3.40 drone1  -1.0355  -0.9677  -0.9756  -0.9677  0.0600
   3.50 drone1  -1.0355  -0.9676  -0.9606  -0.9677  0.0749
   3.60 drone1  -1.0356  -0.9677  -0.9456  -0.9677  0.0900
   3.70 drone1  -1.0355  -0.9676  -0.9306  -0.9677  0.1049
   3.80 drone1  -1.0355  -0.9676  -0.9156  -0.9677  0.1200
   3.90 drone1  -1.0355  -0.9676  -0.9006  -0.9677  0.1350
   4.00 drone1  -1.0355  -0.9677  -0.8856  -0.9677  0.1500
   4.10 drone1  -1.0355  -0.9677  -0.8706  -0.9677  0.1650
   4.20 drone1  -1.0355  -0.9677  -0.8556  -0.9677  0.1800
   4.30 drone1  -1.0355  -0.9679  -0.8406  -0.9677  0.1949
   4.40 drone1  -1.0355  -0.9675  -0.8256  -0.9673  0.2099
   4.50 drone1  -1.0355  -0.9676  -0.8107  -0.9656  0.2249
   4.60 drone1  -1.0355  -0.9677  -0.7960  -0.9624  0.2395
   4.70 drone1  -1.0355  -0.9678  -0.7818  -0.9577  0.2539
   4.80 drone1  -1.0355  -0.9676  -0.7681  -0.9516  0.2679
   4.90 drone1  -1.0355  -0.9677  -0.7550  -0.9442  0.2815
   5.00 drone1  -1.0354  -0.9677  -0.7428  -0.9356  0.2944
   5.10 drone1  -1.0354  -0.9677  -0.7315  -0.9257  0.3068
   5.20 drone1  -1.0354  -0.9676  -0.7212  -0.9148  0.3186
   5.30 drone1  -1.0355  -0.9675  -0.7121  -0.9029  0.3298
   5.40 drone1  -1.0356  -0.9676  -0.7042  -0.8901  0.3403
   5.50 drone1  -1.0355  -0.9676  -0.6976  -0.8767  0.3499
   5.60 drone1  -1.0356  -0.9676  -0.6924  -0.8626  0.3588
   5.70 drone1  -1.0356  -0.9676  -0.6887  -0.8481  0.3669
   5.80 drone1  -1.0355  -0.9678  -0.6864  -0.8333  0.3741
   5.90 drone1  -1.0355  -0.9676  -0.6856  -0.8183  0.3805
   6.00 drone1  -1.0355  -0.9677  -0.6856  -0.8033  0.3867
   6.10 drone1  -1.0356  -0.9676  -0.6856  -0.7883  0.3933
   6.20 drone1  -1.0355  -0.9676  -0.6856  -0.7733  0.4003
   6.30 drone1  -1.0355  -0.9676  -0.6856  -0.7583  0.4077
   6.40 drone1  -1.0355  -0.9676  -0.6856  -0.7433  0.4157
   6.50 drone1  -1.0355  -0.9676  -0.6856  -0.7283  0.4240
   6.60 drone1  -1.0355  -0.9677  -0.6856  -0.7133  0.4327
   6.70 drone1  -1.0356  -0.9676  -0.6856  -0.6983  0.4416
   6.80 drone1  -1.0355  -0.9676  -0.6856  -0.6833  0.4509
   6.90 drone1  -1.0355  -0.9676  -0.6856  -0.6683  0.4605
   7.00 drone1  -1.0355  -0.9677  -0.6856  -0.6533  0.4704
   7.10 drone1  -1.0355  -0.9679  -0.6856  -0.6383  0.4807
   7.20 drone1  -1.0355  -0.9677  -0.6856  -0.6233  0.4910
   7.30 drone1  -1.0356  -0.9676  -0.6859  -0.6083  0.5014
   7.40 drone1  -1.0355  -0.9676  -0.6875  -0.5934  0.5110
   7.50 drone1  -1.0355  -0.9675  -0.6907  -0.5788  0.5197
   7.60 drone1  -1.0356  -0.9677  -0.6953  -0.5645  0.5276
   7.70 drone1  -1.0355  -0.9677  -0.7013  -0.5507  0.5343
   7.80 drone1  -1.0354  -0.9676  -0.7087  -0.5377  0.5400
