# Square flight log. Positions in metres, time in seconds
# since the algorithm started (motion begins at start_delay).
# t drone_id x y target_x target_y error
   0.10 drone1  -0.9051  -1.0849  -0.9051  -1.0849  0.0000
   0.20 drone1  -0.9050  -1.0809  -0.9051  -1.0849  0.0040
   0.30 drone1  -0.9059  -1.0787  -0.9051  -1.0849  0.0063
   0.40 drone1  -0.9092  -1.0763  -0.9051  -1.0849  0.0096
   0.50 drone1  -0.9111  -1.0738  -0.9051  -1.0849  0.0127
   0.60 drone1  -0.9117  -1.0723  -0.9051  -1.0849  0.0143
   0.70 drone1  -0.9139  -1.0679  -0.9051  -1.0849  0.0191
   0.80 drone1  -0.9148  -1.0651  -0.9051  -1.0849  0.0221
   0.90 drone1  -0.9165  -1.0617  -0.9051  -1.0849  0.0259
   1.00 drone1  -0.9176  -1.0615  -0.9051  -1.0849  0.0266
   1.10 drone1  -0.9213  -1.0623  -0.9051  -1.0849  0.0278
   1.20 drone1  -0.9247  -1.0649  -0.9051  -1.0849  0.0280
   1.30 drone1  -0.9302  -1.0675  -0.9051  -1.0849  0.0306
   1.40 drone1  -0.9358  -1.0694  -0.9051  -1.0849  0.0344
   1.50 drone1  -0.9386  -1.0745  -0.9051  -1.0849  0.0351
   1.60 drone1  -0.9390  -1.0814  -0.9051  -1.0849  0.0341
   1.70 drone1  -0.9366  -1.0884  -0.9051  -1.0849  0.0317
   1.80 drone1  -0.9347  -1.0928  -0.9051  -1.0849  0.0307
   1.90 drone1  -0.9322  -1.0961  -0.9051  -1.0849  0.0293
   2.00 drone1  -0.9295  -1.0972  -0.9051  -1.0849  0.0273
   2.10 drone1  -0.9287  -1.0970  -0.9051  -1.0849  0.0265
   2.20 drone1  -0.9296  -1.0947  -0.9051  -1.0849  0.0264
   2.30 drone1  -0.9321  -1.0922  -0.9051  -1.0849  0.0280
   2.40 drone1  -0.9323  -1.0905  -0.9051  -1.0849  0.0278
   2.50 drone1  -0.9342  -1.0898  -0.9051  -1.0849  0.0295
   2.60 drone1  -0.9388  -1.0895  -0.9051  -1.0849  0.0340
   2.70 drone1  -0.9434  -1.0905  -0.9051  -1.0849  0.0387
   2.80 drone1  -0.9481  -1.0922  -0.9051  -1.0849  0.0436
   2.90 drone1  -0.9515  -1.0928  -0.9051  -1.0849  0.0470
   3.00 drone1  -0.9537  -1.0930  -0.9051  -1.0849  0.0493
   3.10 drone1  -0.9503  -1.0947  -0.8901  -1.0849  0.0610
   3.20 drone1  -0.9376  -1.0989  -0.8751  -1.0849  0.0641
   3.30 drone1  -0.9134  -1.1070  -0.8601  -1.0849  0.0577
   3.40 drone1  -0.8827  -1.1149  -0.8451  -1.0849  0.0481
   3.50 drone1  -0.8501  -1.1224  -0.8301  -1.0849  0.0424
   3.60 drone1  -0.8198  -1.1278  -0.8151  -1.0849  0.0431
   3.70 drone1  -0.7931  -1.1303  -0.8001  -1.0849  0.0459
   3.80 drone1  -0.7712  -1.1296  -0.7851  -1.0849  0.0468
   3.90 drone1  -0.7541  -1.1275  -0.7701  -1.0849  0.0455
   4.00 drone1  -0.7397  -1.1246  -0.7551  -1.0849  0.0425
   4.10 drone1  -0.7255  -1.1221  -0.7401  -1.0849  0.0399
   4.20 drone1  -0.7100  -1.1207  -0.7251  -1.0849  0.0388
   4.30 drone1  -0.6935  -1.1199  -0.7101  -1.0849  0.0387
   4.40 drone1  -0.6751  -1.1202  -0.6951  -1.0849  0.0406
   4.50 drone1  -0.6579  -1.1205  -0.6801  -1.0849  0.0419
   4.60 drone1  -0.6375  -1.1213  -0.6651  -1.0849  0.0456
   4.70 drone1  -0.6185  -1.1215  -0.6501  -1.0849  0.0483
   4.80 drone1  -0.5998  -1.1202  -0.6351  -1.0849  0.0498
   4.90 drone1  -0.5845  -1.1177  -0.6201  -1.0849  0.0484
   5.00 drone1  -0.5693  -1.1151  -0.6051  -1.0849  0.0468
   5.10 drone1  -0.5537  -1.1146  -0.5901  -1.0849  0.0470
   5.20 drone1  -0.5470  -1.1188  -0.5751  -1.0849  0.0440
   5.30 drone1  -0.5239  -1.1092  -0.5601  -1.0849  0.0436
   5.40 drone1  -0.5078  -1.1075  -0.5451  -1.0849  0.0436
   5.50 drone1  -0.5004  -1.1137  -0.5301  -1.0849  0.0413
   5.60 drone1  -0.4860  -1.1135  -0.5151  -1.0849  0.0408
   5.70 drone1  -0.4711  -1.1156  -0.5001  -1.0849  0.0421
   5.80 drone1  -0.4502  -1.1102  -0.4851  -1.0849  0.0431
   5.90 drone1  -0.4370  -1.1152  -0.4701  -1.0849  0.0448
   6.00 drone1  -0.4231  -1.1219  -0.4551  -1.0849  0.0488
   6.10 drone1  -0.4181  -1.1179  -0.4401  -1.0849  0.0397
   6.20 drone1  -0.3971  -1.1322  -0.4251  -1.0849  0.0550
   6.30 drone1  -0.3833  -1.1437  -0.4101  -1.0849  0.0646
   6.40 drone1  -0.3579  -1.1361  -0.4051  -1.0749  0.0773
   6.50 drone1  -0.3340  -1.1361  -0.4051  -1.0599  0.1042
   6.60 drone1  -0.3159  -1.1332  -0.4051  -1.0449  0.1254
   6.70 drone1  -0.3123  -1.1352  -0.4051  -1.0299  0.1403
   6.80 drone1  -0.3174  -1.1187  -0.4051  -1.0149  0.1358
   6.90 drone1  -0.3150  -1.0978  -0.4051  -0.9999  0.1330
   7.00 drone1  -0.3355  -1.0654  -0.4051  -0.9849  0.1064
   7.10 drone1  -0.3465  -1.0381  -0.4051  -0.9699  0.0899
   7.20 drone1  -0.3362  -1.0173  -0.4051  -0.9549  0.0930
   7.30 drone1  -0.3233  -0.9937  -0.4051  -0.9399  0.0979
   7.40 drone1  -0.2900  -0.9698  -0.4051  -0.9249  0.1236
   7.50 drone1  -0.2563  -0.9571  -0.4051  -0.9099  0.1561
   7.60 drone1  -0.2138  -0.9516  -0.4051  -0.8949  0.1995
   7.70 drone1  -0.1973  -0.9499  -0.4051  -0.8799  0.2193
   7.80 drone1  -0.1715  -0.9721  -0.4051  -0.8649  0.2570
   7.90 drone1  -0.1753  -0.9897  -0.4051  -0.8499  0.2689
   8.00 drone1  -0.1967  -1.0066  -0.4051  -0.8349  0.2700
   8.10 drone1  -0.2347  -1.0151  -0.4051  -0.8199  0.2591
   8.20 drone1  -0.2876  -1.0073  -0.4051  -0.8049  0.2340
   8.30 drone1  -0.3450  -0.9786  -0.4051  -0.7899  0.1980
   8.40 drone1  -0.3982  -0.9284  -0.4051  -0.7749  0.1536
   8.50 drone1  -0.4346  -0.8635  -0.4051  -0.7599  0.1077
   8.60 drone1  -0.4517  -0.7898  -0.4051  -0.7449  0.0647
   8.70 drone1  -0.4475  -0.7172  -0.4051  -0.7299  0.0443
   8.80 drone1  -0.4290  -0.6585  -0.4051  -0.7149  0.0613
   8.90 drone1  -0.3945  -0.6039  -0.4051  -0.6999  0.0966
   9.00 drone1  -0.3598  -0.5736  -0.4051  -0.6849  0.1202
   9.10 drone1  -0.3278  -0.5619  -0.4051  -0.6699  0.1328
   9.20 drone1  -0.3039  -0.5649  -0.4051  -0.6549  0.1354
   9.30 drone1  -0.2917  -0.5773  -0.4051  -0.6399  0.1295
   9.40 drone1  -0.2916  -0.5919  -0.4051  -0.6249  0.1181
   9.50 drone1  -0.3010  -0.6023  -0.4051  -0.6099  0.1044
   9.60 drone1  -0.3242  -0.6141  -0.4051  -0.5949  0.0831
   9.70 drone1  -0.3387  -0.5987  -0.4101  -0.5849  0.0727
   9.80 drone1  -0.3621  -0.5915  -0.4251  -0.5849  0.0633
   9.90 drone1  -0.3732  -0.5639  -0.4401  -0.5849  0.0701
  10.00 drone1  -0.3926  -0.5482  -0.4551  -0.5849  0.0725
  10.10 drone1  -0.4154  -0.5369  -0.4701  -0.5849  0.0728
  10.20 drone1  -0.4379  -0.5334  -0.4851  -0.5849  0.0698
  10.30 drone1  -0.4615  -0.5343  -0.5001  -0.5849  0.0637
  10.40 drone1  -0.4800  -0.5397  -0.5151  -0.5849  0.0572
  10.50 drone1  -0.4947  -0.5458  -0.5301  -0.5849  0.0527
  10.60 drone1  -0.5085  -0.5522  -0.5451  -0.5849  0.0491
  10.70 drone1  -0.5212  -0.5552  -0.5601  -0.5849  0.0489
  10.80 drone1  -0.5352  -0.5592  -0.5751  -0.5849  0.0474
  10.90 drone1  -0.5507  -0.5612  -0.5901  -0.5849  0.0460
  11.00 drone1  -0.5682  -0.5636  -0.6051  -0.5849  0.0426
  11.10 drone1  -0.5861  -0.5664  -0.6201  -0.5849  0.0387
  11.20 drone1  -0.6042  -0.5713  -0.6351  -0.5849  0.0337
  11.30 drone1  -0.6233  -0.5768  -0.6501  -0.5849  0.0279
  11.40 drone1  -0.6405  -0.5815  -0.6651  -0.5849  0.0248
  11.50 drone1  -0.6573  -0.5860  -0.6801  -0.5849  0.0228
  11.60 drone1  -0.6712  -0.5889  -0.6951  -0.5849  0.0242
  11.70 drone1  -0.6869  -0.5901  -0.7101  -0.5849  0.0237
  11.80 drone1  -0.7014  -0.5902  -0.7251  -0.5849  0.0242
  11.90 drone1  -0.7148  -0.5901  -0.7401  -0.5849  0.0258
  12.00 drone1  -0.7267  -0.5902  -0.7551  -0.5849  0.0289
  12.10 drone1  -0.7402  -0.5895  -0.7701  -0.5849  0.0303
  12.20 drone1  -0.7527  -0.5885  -0.7851  -0.5849  0.0325
  12.30 drone1  -0.7660  -0.5885  -0.8001  -0.5849  0.0343
  12.40 drone1  -0.7791  -0.5879  -0.8151  -0.5849  0.0361
  12.50 drone1  -0.7933  -0.5878  -0.8301  -0.5849  0.0369
  12.60 drone1  -0.8078  -0.5887  -0.8451  -0.5849  0.0375
  12.70 drone1  -0.8227  -0.5901  -0.8601  -0.5849  0.0377
  12.80 drone1  -0.8378  -0.5911  -0.8751  -0.5849  0.0378
  12.90 drone1  -0.8526  -0.5914  -0.8901  -0.5849  0.0381
  13.00 drone1  -0.8673  -0.5921  -0.9051  -0.5849  0.0384
  13.10 drone1  -0.8843  -0.5884  -0.9051  -0.5999  0.0237
  13.20 drone1  -0.9009  -0.5879  -0.9051  -0.6149  0.0274
  13.30 drone1  -0.9141  -0.5874  -0.9051  -0.6299  0.0434
  13.40 drone1  -0.9227  -0.5936  -0.9051  -0.6449  0.0542
  13.50 drone1  -0.9251  -0.6067  -0.9051  -0.6599  0.0569
  13.60 drone1  -0.9237  -0.6236  -0.9051  -0.6749  0.0546
  13.70 drone1  -0.9199  -0.6420  -0.9051  -0.6899  0.0501
  13.80 drone1  -0.9161  -0.6634  -0.9051  -0.7049  0.0430
  13.90 drone1  -0.9132  -0.6818  -0.9051  -0.7199  0.0390
  14.00 drone1  -0.9106  -0.6989  -0.9051  -0.7349  0.0365
  14.10 drone1  -0.9092  -0.7130  -0.9051  -0.7499  0.0372
  14.20 drone1  -0.9065  -0.7289  -0.9051  -0.7649  0.0361
  14.30 drone1  -0.9057  -0.7434  -0.9051  -0.7799  0.0365
  14.40 drone1  -0.9133  -0.7641  -0.9051  -0.7949  0.0319
  14.50 drone1  -0.9139  -0.7800  -0.9051  -0.8099  0.0312
  14.60 drone1  -0.9061  -0.7899  -0.9051  -0.8249  0.0350
  14.70 drone1  -0.9058  -0.8055  -0.9051  -0.8399  0.0344
  14.80 drone1  -0.9077  -0.8287  -0.9051  -0.8549  0.0263
  14.90 drone1  -0.9104  -0.8505  -0.9051  -0.8699  0.0201
  15.00 drone1  -0.9140  -0.8740  -0.9051  -0.8849  0.0141
  15.10 drone1  -0.9174  -0.8955  -0.9051  -0.8999  0.0131
  15.20 drone1  -0.9197  -0.9153  -0.9051  -0.9149  0.0146
  15.30 drone1  -0.9204  -0.9333  -0.9051  -0.9299  0.0157
  15.40 drone1  -0.9208  -0.9484  -0.9051  -0.9449  0.0161
  15.50 drone1  -0.9191  -0.9622  -0.9051  -0.9599  0.0142
  15.60 drone1  -0.9175  -0.9750  -0.9051  -0.9749  0.0124
  15.70 drone1  -0.9145  -0.9866  -0.9051  -0.9899  0.0100
  15.80 drone1  -0.9127  -0.9978  -0.9051  -1.0049  0.0105
  15.90 drone1  -0.9122  -1.0082  -0.9051  -1.0199  0.0137
  16.00 drone1  -0.9108  -1.0186  -0.9051  -1.0349  0.0173
  16.10 drone1  -0.9112  -1.0316  -0.9051  -1.0499  0.0193
  16.20 drone1  -0.9100  -1.0447  -0.9051  -1.0649  0.0208
  16.30 drone1  -0.9097  -1.0586  -0.9051  -1.0799  0.0218
  16.40 drone1  -0.9099  -1.0729  -0.8951  -1.0849  0.0191
  16.50 drone1  -0.9166  -1.0928  -0.8801  -1.0849  0.0373
  16.60 drone1  -0.9036  -1.1030  -0.8651  -1.0849  0.0425
  16.70 drone1  -0.8895  -1.1098  -0.8501  -1.0849  0.0466
  16.80 drone1  -0.8693  -1.1118  -0.8351  -1.0849  0.0435
  16.90 drone1  -0.8465  -1.1100  -0.8201  -1.0849  0.0364
  17.00 drone1  -0.8237  -1.1066  -0.8051  -1.0849  0.0286
  17.10 drone1  -0.8032  -1.1035  -0.7901  -1.0849  0.0228
  17.20 drone1  -0.7861  -1.1005  -0.7751  -1.0849  0.0191
  17.30 drone1  -0.7709  -1.0989  -0.7601  -1.0849  0.0177
  17.40 drone1  -0.7566  -1.0988  -0.7451  -1.0849  0.0180
  17.50 drone1  -0.7453  -1.0991  -0.7301  -1.0849  0.0208
  17.60 drone1  -0.7339  -1.1005  -0.7151  -1.0849  0.0244
  17.70 drone1  -0.7230  -1.1018  -0.7001  -1.0849  0.0285
  17.80 drone1  -0.7107  -1.1042  -0.6851  -1.0849  0.0321
  17.90 drone1  -0.6966  -1.1068  -0.6701  -1.0849  0.0344
  18.00 drone1  -0.6806  -1.1092  -0.6551  -1.0849  0.0352
  18.10 drone1  -0.6648  -1.1101  -0.6401  -1.0849  0.0353
  18.20 drone1  -0.6495  -1.1104  -0.6251  -1.0849  0.0353
  18.30 drone1  -0.6361  -1.1091  -0.6101  -1.0849  0.0355
  18.40 drone1  -0.6232  -1.1059  -0.5951  -1.0849  0.0350
  18.50 drone1  -0.6095  -1.1027  -0.5801  -1.0849  0.0343
  18.60 drone1  -0.5963  -1.0989  -0.5651  -1.0849  0.0342
  18.70 drone1  -0.5830  -1.0953  -0.5501  -1.0849  0.0346
  18.80 drone1  -0.5687  -1.0923  -0.5351  -1.0849  0.0344
  18.90 drone1  -0.5549  -1.0888  -0.5201  -1.0849  0.0351
  19.00 drone1  -0.5402  -1.0862  -0.5051  -1.0849  0.0352
  19.10 drone1  -0.5255  -1.0849  -0.4901  -1.0849  0.0354
  19.20 drone1  -0.5103  -1.0832  -0.4751  -1.0849  0.0353
  19.30 drone1  -0.4932  -1.0835  -0.4601  -1.0849  0.0332
  19.40 drone1  -0.4772  -1.0836  -0.4451  -1.0849  0.0322
  19.50 drone1  -0.4601  -1.0853  -0.4301  -1.0849  0.0300
  19.60 drone1  -0.4433  -1.0879  -0.4151  -1.0849  0.0283
  19.70 drone1  -0.4269  -1.0917  -0.4051  -1.0799  0.0248
  19.80 drone1  -0.4110  -1.0956  -0.4051  -1.0649  0.0313
  19.90 drone1  -0.4062  -1.1017  -0.4051  -1.0499  0.0518
  20.00 drone1  -0.3987  -1.0942  -0.4051  -1.0349  0.0596
  20.10 drone1  -0.3879  -1.0786  -0.4051  -1.0199  0.0612
  20.20 drone1  -0.3891  -1.0746  -0.4051  -1.0049  0.0714
  20.30 drone1  -0.3942  -1.0779  -0.4051  -0.9899  0.0886
  20.40 drone1  -0.4012  -1.0890  -0.4051  -0.9749  0.1142
  20.50 drone1  -0.4066  -1.1016  -0.4051  -0.9599  0.1417
  20.60 drone1  -0.4184  -1.1188  -0.4051  -0.9449  0.1744
  20.70 drone1  -0.4098  -1.1187  -0.4051  -0.9299  0.1889
  20.80 drone1  -0.4084  -1.1225  -0.4051  -0.9149  0.2076
  20.90 drone1  -0.4057  -1.1251  -0.4051  -0.8999  0.2252
  21.00 drone1  -0.4040  -1.1276  -0.4051  -0.8849  0.2427
  21.10 drone1  -0.4012  -1.1314  -0.4051  -0.8699  0.2615
  21.20 drone1  -0.4002  -1.1355  -0.4051  -0.8549  0.2806
  21.30 drone1  -0.4050  -1.1471  -0.4051  -0.8399  0.3072
  21.40 drone1  -0.4024  -1.1496  -0.4051  -0.8249  0.3247
  21.50 drone1  -0.3992  -1.1502  -0.4051  -0.8099  0.3403
  21.60 drone1  -0.3928  -1.1394  -0.4051  -0.7949  0.3447
  21.70 drone1  -0.3926  -1.1376  -0.4051  -0.7799  0.3578
  21.80 drone1  -0.3948  -1.1360  -0.4051  -0.7649  0.3712
  21.90 drone1  -0.3969  -1.1365  -0.4051  -0.7499  0.3867
  22.00 drone1  -0.3999  -1.1372  -0.4051  -0.7349  0.4023
  22.10 drone1  -0.4012  -1.1382  -0.4051  -0.7199  0.4183
  22.20 drone1  -0.3999  -1.1378  -0.4051  -0.7049  0.4329
  22.30 drone1  -0.3978  -1.1353  -0.4051  -0.6899  0.4455
  22.40 drone1  -0.3954  -1.1318  -0.4051  -0.6749  0.4569
  22.50 drone1  -0.3931  -1.1269  -0.4051  -0.6599  0.4671
  22.60 drone1  -0.3910  -1.1210  -0.4051  -0.6449  0.4763
  22.70 drone1  -0.3909  -1.1149  -0.4051  -0.6299  0.4852
  22.80 drone1  -0.3917  -1.1099  -0.4051  -0.6149  0.4951
  22.90 drone1  -0.3885  -1.1069  -0.4051  -0.5999  0.5072
  23.00 drone1  -0.3870  -1.1040  -0.4051  -0.5849  0.5194
  23.10 drone1  -0.3852  -1.1010  -0.4201  -0.5849  0.5173
  23.20 drone1  -0.3894  -1.0876  -0.4351  -0.5849  0.5048
  23.30 drone1  -0.3813  -1.0962  -0.4501  -0.5849  0.5159
  23.40 drone1  -0.3774  -1.0967  -0.4651  -0.5849  0.5192
  23.50 drone1  -0.3715  -1.1009  -0.4801  -0.5849  0.5273
  23.60 drone1  -0.3658  -1.1065  -0.4951  -0.5849  0.5373
  23.70 drone1  -0.3588  -1.1140  -0.5101  -0.5849  0.5502
  23.80 drone1  -0.3535  -1.1236  -0.5251  -0.5849  0.5654
  23.90 drone1  -0.3493  -1.1319  -0.5401  -0.5849  0.5793
  24.00 drone1  -0.3470  -1.1383  -0.5551  -0.5849  0.5912
  24.10 drone1  -0.3460  -1.1404  -0.5701  -0.5849  0.5990
  24.20 drone1  -0.3461  -1.1408  -0.5851  -0.5849  0.6051
  24.30 drone1  -0.3457  -1.1409  -0.6001  -0.5849  0.6114
  24.40 drone1  -0.3465  -1.1406  -0.6151  -0.5849  0.6172
  24.50 drone1  -0.3466  -1.1408  -0.6301  -0.5849  0.6240
  24.60 drone1  -0.3467  -1.1411  -0.6451  -0.5849  0.6312
  24.70 drone1  -0.3463  -1.1409  -0.6601  -0.5849  0.6384
  24.80 drone1  -0.3462  -1.1405  -0.6751  -0.5849  0.6457
  24.90 drone1  -0.3466  -1.1404  -0.6901  -0.5849  0.6531
  25.00 drone1  -0.3461  -1.1410  -0.7051  -0.5849  0.6619
  25.10 drone1  -0.3458  -1.1409  -0.7201  -0.5849  0.6702
  25.20 drone1  -0.3464  -1.1410  -0.7351  -0.5849  0.6785
  25.30 drone1  -0.3464  -1.1407  -0.7501  -0.5849  0.6869
  25.40 drone1  -0.3468  -1.1407  -0.7651  -0.5849  0.6956
  25.50 drone1  -0.3463  -1.1409  -0.7801  -0.5849  0.7052
  25.60 drone1  -0.3462  -1.1407  -0.7951  -0.5849  0.7144
  25.70 drone1  -0.3462  -1.1406  -0.8101  -0.5849  0.7239
  25.80 drone1  -0.3460  -1.1409  -0.8251  -0.5849  0.7339
  25.90 drone1  -0.3460  -1.1409  -0.8401  -0.5849  0.7438
  26.00 drone1  -0.3457  -1.1408  -0.8551  -0.5849  0.7540
  26.10 drone1  -0.3459  -1.1407  -0.8701  -0.5849  0.7640
  26.20 drone1  -0.3462  -1.1409  -0.8851  -0.5849  0.7743
  26.30 drone1  -0.3464  -1.1407  -0.9001  -0.5849  0.7845
  26.40 drone1  -0.3459  -1.1409  -0.9051  -0.5949  0.7815
  26.50 drone1  -0.3460  -1.1408  -0.9051  -0.6099  0.7710
  26.60 drone1  -0.3459  -1.1409  -0.9051  -0.6249  0.7608
  26.70 drone1  -0.3460  -1.1408  -0.9051  -0.6399  0.7506
  26.80 drone1  -0.3461  -1.1407  -0.9051  -0.6549  0.7406
  26.90 drone1  -0.3459  -1.1409  -0.9051  -0.6699  0.7310
  27.00 drone1  -0.3460  -1.1408  -0.9051  -0.6849  0.7214
  27.10 drone1  -0.3462  -1.1409  -0.9051  -0.6999  0.7119
  27.20 drone1  -0.3461  -1.1407  -0.9051  -0.7149  0.7027
  27.30 drone1  -0.3460  -1.1408  -0.9051  -0.7299  0.6939
  27.40 drone1  -0.3460  -1.1409  -0.9051  -0.7449  0.6851
  27.50 drone1  -0.3460  -1.1409  -0.9051  -0.7599  0.6766
  27.60 drone1  -0.3461  -1.1407  -0.9051  -0.7749  0.6680
  27.70 drone1  -0.3460  -1.1409  -0.9051  -0.7899  0.6601
  27.80 drone1  -0.3460  -1.1409  -0.9051  -0.8049  0.6523
  27.90 drone1  -0.3459  -1.1408  -0.9051  -0.8199  0.6447
  28.00 drone1  -0.3460  -1.1409  -0.9051  -0.8349  0.6373
  28.10 drone1  -0.3460  -1.1409  -0.9051  -0.8499  0.6303
  28.20 drone1  -0.3460  -1.1409  -0.9051  -0.8649  0.6235
  28.30 drone1  -0.3463  -1.1409  -0.9051  -0.8799  0.6168
  28.40 drone1  -0.3458  -1.1408  -0.9051  -0.8949  0.6110
  28.50 drone1  -0.3460  -1.1409  -0.9051  -0.9099  0.6049
  28.60 drone1  -0.3461  -1.1407  -0.9051  -0.9249  0.5992
  28.70 drone1  -0.3459  -1.1409  -0.9051  -0.9399  0.5941
  28.80 drone1  -0.3460  -1.1409  -0.9051  -0.9549  0.5892
  28.90 drone1  -0.3461  -1.1407  -0.9051  -0.9699  0.5845
  29.00 drone1  -0.3460  -1.1408  -0.9051  -0.9849  0.5804
  29.10 drone1  -0.3459  -1.1408  -0.9051  -0.9999  0.5766
  29.20 drone1  -0.3460  -1.1408  -0.9051  -1.0149  0.5731
  29.30 drone1  -0.3459  -1.1408  -0.9051  -1.0299  0.5701
  29.40 drone1  -0.3462  -1.1409  -0.9051  -1.0449  0.5670
  29.50 drone1  -0.3462  -1.1409  -0.9051  -1.0599  0.5647
  29.60 drone1  -0.3463  -1.1410  -0.9051  -1.0749  0.5627
  29.70 drone1  -0.3459  -1.1408  -0.9001  -1.0849  0.5570
  29.80 drone1  -0.3459  -1.1408  -0.8851  -1.0849  0.5421
  29.90 drone1  -0.3459  -1.1409  -0.8701  -1.0849  0.5272
  30.00 drone1  -0.3457  -1.1409  -0.8551  -1.0849  0.5125
  30.10 drone1  -0.3462  -1.1409  -0.8401  -1.0849  0.4970
  30.20 drone1  -0.3462  -1.1409  -0.8251  -1.0849  0.4821
  30.30 drone1  -0.3462  -1.1409  -0.8101  -1.0849  0.4672
  30.40 drone1  -0.3459  -1.1408  -0.7951  -1.0849  0.4526
  30.50 drone1  -0.3533  -1.1297  -0.7801  -1.0849  0.4291
  30.60 drone1  -0.3533  -1.1297  -0.7651  -1.0849  0.4142
  30.70 drone1  -0.3533  -1.1296  -0.7501  -1.0849  0.3993
  30.80 drone1  -0.3530  -1.1296  -0.7351  -1.0849  0.3847
  30.90 drone1  -0.3454  -1.1409  -0.7201  -1.0849  0.3788
  31.00 drone1  -0.3455  -1.1408  -0.7051  -1.0849  0.3639
  31.10 drone1  -0.3454  -1.1408  -0.6901  -1.0849  0.3491
  31.20 drone1  -0.3454  -1.1408  -0.6751  -1.0849  0.3343
  31.30 drone1  -0.3454  -1.1408  -0.6601  -1.0849  0.3196
  31.40 drone1  -0.3457  -1.1407  -0.6451  -1.0849  0.3046
  31.50 drone1  -0.3455  -1.1408  -0.6301  -1.0849  0.2900
  31.60 drone1  -0.3454  -1.1408  -0.6151  -1.0849  0.2754
  31.70 drone1  -0.3455  -1.1408  -0.6001  -1.0849  0.2607
  31.80 drone1  -0.3455  -1.1408  -0.5851  -1.0849  0.2461
  31.90 drone1  -0.3455  -1.1408  -0.5701  -1.0849  0.2315
  32.00 drone1  -0.3458  -1.1406  -0.5551  -1.0849  0.2165
  32.10 drone1  -0.3467  -1.1413  -0.5401  -1.0849  0.2014
  32.20 drone1  -0.3503  -1.1411  -0.5251  -1.0849  0.1836
  32.30 drone1  -0.3503  -1.1412  -0.5101  -1.0849  0.1694
  32.40 drone1  -0.3492  -1.1412  -0.4951  -1.0849  0.1564
  32.50 drone1  -0.3494  -1.1413  -0.4801  -1.0849  0.1423
  32.60 drone1  -0.3458  -1.1406  -0.4651  -1.0849  0.1317
  32.70 drone1  -0.3455  -1.1405  -0.4501  -1.0849  0.1184
  32.80 drone1  -0.3453  -1.1405  -0.4351  -1.0849  0.1056
  32.90 drone1  -0.3454  -1.1404  -0.4201  -1.0849  0.0931
  33.00 drone1  -0.3453  -1.1404  -0.4051  -1.0849  0.0816
  33.10 drone1  -0.3453  -1.1405  -0.4051  -1.0699  0.0925
  33.20 drone1  -0.3454  -1.1404  -0.4051  -1.0549  0.1043
  33.30 drone1  -0.3459  -1.1406  -0.4051  -1.0399  0.1168
  33.40 drone1  -0.3455  -1.1405  -0.4051  -1.0249  0.1300
  33.50 drone1  -0.3454  -1.1404  -0.4051  -1.0099  0.1435
  33.60 drone1  -0.3461  -1.1406  -0.4051  -0.9949  0.1572
  33.70 drone1  -0.3471  -1.1406  -0.4051  -0.9799  0.1708
  33.80 drone1  -0.3484  -1.1409  -0.4051  -0.9649  0.1849
  33.90 drone1  -0.3479  -1.1406  -0.4051  -0.9499  0.1991
  34.00 drone1  -0.3492  -1.1411  -0.4051  -0.9349  0.2137
  34.10 drone1  -0.3487  -1.1319  -0.4051  -0.9199  0.2194
  34.20 drone1  -0.3486  -1.1319  -0.4051  -0.9049  0.2339
  34.30 drone1  -0.3479  -1.1302  -0.4051  -0.8899  0.2469
  34.40 drone1  -0.3543  -1.1285  -0.4051  -0.8749  0.2586
  34.50 drone1  -0.3547  -1.1296  -0.4051  -0.8599  0.2743
  34.60 drone1  -0.3548  -1.1297  -0.4051  -0.8449  0.2892
  34.70 drone1  -0.3549  -1.1294  -0.4051  -0.8299  0.3037
  34.80 drone1  -0.3551  -1.1292  -0.4051  -0.8149  0.3182
  34.90 drone1  -0.3540  -1.1326  -0.4051  -0.7999  0.3366
  35.00 drone1  -0.3540  -1.1337  -0.4051  -0.7849  0.3525
  35.10 drone1  -0.3546  -1.1342  -0.4051  -0.7699  0.3677
  35.20 drone1  -0.3546  -1.1342  -0.4051  -0.7549  0.3826
  35.30 drone1  -0.3543  -1.1335  -0.4051  -0.7399  0.3968
  35.40 drone1  -0.3542  -1.1337  -0.4051  -0.7249  0.4119
  35.50 drone1  -0.3507  -1.1297  -0.4051  -0.7099  0.4233
  35.60 drone1  -0.3507  -1.1300  -0.4051  -0.6949  0.4384
  35.70 drone1  -0.3512  -1.1303  -0.4051  -0.6799  0.4536
  35.80 drone1  -0.3511  -1.1302  -0.4051  -0.6649  0.4684
  35.90 drone1  -0.3534  -1.1331  -0.4051  -0.6499  0.4860
  36.00 drone1  -0.3537  -1.1332  -0.4051  -0.6349  0.5009
  36.10 drone1  -0.3537  -1.1332  -0.4051  -0.6199  0.5159
  36.20 drone1  -0.3537  -1.1332  -0.4051  -0.6049  0.5308
  36.30 drone1  -0.3537  -1.1332  -0.4051  -0.5899  0.5457
  36.40 drone1  -0.3537  -1.1332  -0.4151  -0.5849  0.5517
  36.50 drone1  -0.3537  -1.1332  -0.4301  -0.5849  0.5536
  36.60 drone1  -0.3537  -1.1332  -0.4451  -0.5849  0.5559
  36.70 drone1  -0.3537  -1.1332  -0.4601  -0.5849  0.5585
  36.80 drone1  -0.3537  -1.1332  -0.4751  -0.5849  0.5616
  36.90 drone1  -0.3537  -1.1332  -0.4901  -0.5849  0.5650
  37.00 drone1  -0.3559  -1.1328  -0.5051  -0.5849  0.5678
  37.10 drone1  -0.3565  -1.1322  -0.5201  -0.5849  0.5712
  37.20 drone1  -0.3573  -1.1407  -0.5351  -0.5849  0.5835
  37.30 drone1  -0.3577  -1.1408  -0.5501  -0.5849  0.5883
  37.40 drone1  -0.3578  -1.1408  -0.5651  -0.5849  0.5933
  37.50 drone1  -0.3576  -1.1410  -0.5801  -0.5849  0.5989
  37.60 drone1  -0.3576  -1.1410  -0.5951  -0.5849  0.6046
  37.70 drone1  -0.3576  -1.1410  -0.6101  -0.5849  0.6107
  37.80 drone1  -0.3547  -1.1353  -0.6251  -0.5849  0.6132
  37.90 drone1  -0.3554  -1.1350  -0.6401  -0.5849  0.6194
  38.00 drone1  -0.3556  -1.1348  -0.6551  -0.5849  0.6261
  38.10 drone1  -0.3556  -1.1347  -0.6701  -0.5849  0.6334
  38.20 drone1  -0.3555  -1.1348  -0.6851  -0.5849  0.6411
  38.30 drone1  -0.3554  -1.1347  -0.7001  -0.5849  0.6489
  38.40 drone1  -0.3555  -1.1348  -0.7151  -0.5849  0.6570
  38.50 drone1  -0.3555  -1.1348  -0.7301  -0.5849  0.6653
  38.60 drone1  -0.3556  -1.1349  -0.7451  -0.5849  0.6739
  38.70 drone1  -0.3571  -1.1375  -0.7601  -0.5849  0.6839
  38.80 drone1  -0.3576  -1.1378  -0.7751  -0.5849  0.6928
  38.90 drone1  -0.3579  -1.1379  -0.7901  -0.5849  0.7018
  39.00 drone1  -0.3578  -1.1375  -0.8051  -0.5849  0.7110
  39.10 drone1  -0.3578  -1.1379  -0.8201  -0.5849  0.7207
  39.20 drone1  -0.3578  -1.1379  -0.8351  -0.5849  0.7305
  39.30 drone1  -0.3580  -1.1379  -0.8501  -0.5849  0.7403
  39.40 drone1  -0.3579  -1.1376  -0.8651  -0.5849  0.7501
  39.50 drone1  -0.3583  -1.1378  -0.8801  -0.5849  0.7602
  39.60 drone1  -0.3576  -1.1373  -0.8951  -0.5849  0.7708
  39.70 drone1  -0.3575  -1.1369  -0.9051  -0.5899  0.7739
  39.80 drone1  -0.3580  -1.1364  -0.9051  -0.6049  0.7627
  39.90 drone1  -0.3582  -1.1366  -0.9051  -0.6199  0.7524
  40.00 drone1  -0.3579  -1.1367  -0.9051  -0.6349  0.7425
  40.10 drone1  -0.3583  -1.1382  -0.9051  -0.6499  0.7330
  40.20 drone1  -0.3580  -1.1367  -0.9051  -0.6649  0.7224
  40.30 drone1  -0.3586  -1.1383  -0.9051  -0.6799  0.7133
  40.40 drone1  -0.3585  -1.1384  -0.9051  -0.6949  0.7039
  40.50 drone1  -0.3574  -1.1366  -0.9051  -0.7099  0.6942
  40.60 drone1  -0.3363  -1.0818  -0.9051  -0.7249  0.6715
  40.70 drone1  -0.3382  -1.0839  -0.9051  -0.7399  0.6631
  40.80 drone1  -0.3380  -1.0833  -0.9051  -0.7549  0.6552
  40.90 drone1  -0.3380  -1.0833  -0.9051  -0.7699  0.6478
  41.00 drone1  -0.3380  -1.0833  -0.9051  -0.7849  0.6407
  41.10 drone1  -0.3380  -1.0833  -0.9051  -0.7999  0.6339
  41.20 drone1  -0.3380  -1.0833  -0.9051  -0.8149  0.6273
  41.30 drone1  -0.3468  -1.1184  -0.9051  -0.8299  0.6284
  41.40 drone1  -0.3504  -1.1187  -0.9051  -0.8449  0.6186
  41.50 drone1  -0.3504  -1.1187  -0.9051  -0.8599  0.6121
  41.60 drone1  -0.3344  -1.1031  -0.9051  -0.8749  0.6146
  41.70 drone1  -0.3456  -1.1235  -0.9051  -0.8899  0.6063
  41.80 drone1  -0.3562  -1.1461  -0.9051  -0.9049  0.5995
  41.90 drone1  -0.3565  -1.1448  -0.9051  -0.9199  0.5929
  42.00 drone1  -0.3599  -1.1470  -0.9051  -0.9349  0.5849
  42.10 drone1  -0.3534  -1.1481  -0.9051  -0.9499  0.5862
  42.20 drone1  -0.3580  -1.1516  -0.9051  -0.9649  0.5781
  42.30 drone1  -0.3528  -1.1473  -0.9051  -0.9799  0.5771
  42.40 drone1  -0.3526  -1.1487  -0.9051  -0.9949  0.5735
  42.50 drone1  -0.3437  -1.1466  -0.9051  -1.0099  0.5778
  42.60 drone1  -0.3529  -1.1478  -0.9051  -1.0249  0.5656
  42.70 drone1  -0.3532  -1.1484  -0.9051  -1.0399  0.5624
  42.80 drone1  -0.3636  -1.1302  -0.9051  -1.0549  0.5467
  42.90 drone1  -0.3657  -1.1419  -0.9051  -1.0699  0.5442
  43.00 drone1  -0.3556  -1.1501  -0.9051  -1.0849  0.5533
  43.10 drone1  -0.3534  -1.1538  -0.8901  -1.0849  0.5411
  43.20 drone1  -0.3655  -1.1577  -0.8751  -1.0849  0.5148
  43.30 drone1  -0.3417  -1.1480  -0.8601  -1.0849  0.5223
  43.40 drone1  -0.3436  -1.1468  -0.8451  -1.0849  0.5053
  43.50 drone1  -0.3484  -1.1349  -0.8301  -1.0849  0.4843
  43.60 drone1  -0.3496  -1.1316  -0.8151  -1.0849  0.4678
  43.70 drone1  -0.3468  -1.1344  -0.8001  -1.0849  0.4560
  43.80 drone1  -0.3488  -1.1318  -0.7851  -1.0849  0.4388
  43.90 drone1  -0.3492  -1.1309  -0.7701  -1.0849  0.4234
  44.00 drone1  -0.3541  -1.1393  -0.7551  -1.0849  0.4046
  44.10 drone1  -0.3543  -1.1394  -0.7401  -1.0849  0.3896
  44.20 drone1  -0.3543  -1.1394  -0.7251  -1.0849  0.3748
  44.30 drone1  -0.3543  -1.1394  -0.7101  -1.0849  0.3599
  44.40 drone1  -0.3543  -1.1394  -0.6951  -1.0849  0.3451
  44.50 drone1  -0.3543  -1.1394  -0.6801  -1.0849  0.3303
  44.60 drone1  -0.3543  -1.1394  -0.6651  -1.0849  0.3155
  44.70 drone1  -0.3543  -1.1394  -0.6501  -1.0849  0.3008
  44.80 drone1  -0.3543  -1.1394  -0.6351  -1.0849  0.2860
  44.90 drone1  -0.3543  -1.1394  -0.6201  -1.0849  0.2713
  45.00 drone1  -0.3480  -1.1540  -0.6051  -1.0849  0.2662
  45.10 drone1  -0.3473  -1.1532  -0.5901  -1.0849  0.2522
  45.20 drone1  -0.3469  -1.1550  -0.5751  -1.0849  0.2387
  45.30 drone1  -0.3472  -1.1551  -0.5601  -1.0849  0.2241
  45.40 drone1  -0.3489  -1.1538  -0.5451  -1.0849  0.2080
  45.50 drone1  -0.3475  -1.1512  -0.5301  -1.0849  0.1942
  45.60 drone1  -0.3475  -1.1521  -0.5151  -1.0849  0.1806
  45.70 drone1  -0.3546  -1.1547  -0.5001  -1.0849  0.1614
  45.80 drone1  -0.3545  -1.1541  -0.4851  -1.0849  0.1478
  45.90 drone1  -0.3541  -1.1532  -0.4701  -1.0849  0.1346
  46.00 drone1  -0.3558  -1.1569  -0.4551  -1.0849  0.1226
  46.10 drone1  -0.3515  -1.1507  -0.4401  -1.0849  0.1103
  46.20 drone1  -0.3516  -1.1513  -0.4251  -1.0849  0.0990
  46.30 drone1  -0.3527  -1.1510  -0.4101  -1.0849  0.0875
  46.40 drone1  -0.3479  -1.1534  -0.4051  -1.0749  0.0971
  46.50 drone1  -0.3489  -1.1568  -0.4051  -1.0599  0.1120
  46.60 drone1  -0.3511  -1.1394  -0.4051  -1.0449  0.1088
  46.70 drone1  -0.3509  -1.1554  -0.4051  -1.0299  0.1367
  46.80 drone1  -0.3499  -1.1558  -0.4051  -1.0149  0.1513
  46.90 drone1  -0.3493  -1.1560  -0.4051  -0.9999  0.1658
  47.00 drone1  -0.3494  -1.1551  -0.4051  -0.9849  0.1791
  47.10 drone1  -0.3503  -1.1535  -0.4051  -0.9699  0.1915
  47.20 drone1  -0.3506  -1.1551  -0.4051  -0.9549  0.2074
  47.30 drone1  -0.3477  -1.1540  -0.4051  -0.9399  0.2216
  47.40 drone1  -0.3481  -1.1551  -0.4051  -0.9249  0.2371
  47.50 drone1  -0.3489  -1.1534  -0.4051  -0.9099  0.2499
  47.60 drone1  -0.3523  -1.1535  -0.4051  -0.8949  0.2639
  47.70 drone1  -0.3461  -1.1391  -0.4051  -0.8799  0.2658
  47.80 drone1  -0.3449  -1.1350  -0.4051  -0.8649  0.2767
  47.90 drone1  -0.3480  -1.1594  -0.4051  -0.8499  0.3147
  48.00 drone1  -0.3489  -1.1597  -0.4051  -0.8349  0.3296
  48.10 drone1  -0.3487  -1.1605  -0.4051  -0.8199  0.3452
  48.20 drone1  -0.3467  -1.1600  -0.4051  -0.8049  0.3598
  48.30 drone1  -0.3490  -1.1605  -0.4051  -0.7899  0.3748
  48.40 drone1  -0.3549  -1.1505  -0.4051  -0.7749  0.3789
  48.50 drone1  -0.3512  -1.1601  -0.4051  -0.7599  0.4038
  48.60 drone1  -0.3500  -1.1612  -0.4051  -0.7449  0.4199
  48.70 drone1  -0.3498  -1.1618  -0.4051  -0.7299  0.4354
  48.80 drone1  -0.3492  -1.1611  -0.4051  -0.7149  0.4497
  48.90 drone1  -0.3482  -1.1600  -0.4051  -0.6999  0.4636
  49.00 drone1  -0.3474  -1.1599  -0.4051  -0.6849  0.4785
  49.10 drone1  -0.3473  -1.1611  -0.4051  -0.6699  0.4946
  49.20 drone1  -0.3456  -1.1614  -0.4051  -0.6549  0.5099
  49.30 drone1  -0.3468  -1.1610  -0.4051  -0.6399  0.5244
  49.40 drone1  -0.3454  -1.1613  -0.4051  -0.6249  0.5397
  49.50 drone1  -0.3461  -1.1605  -0.4051  -0.6099  0.5538
  49.60 drone1  -0.3461  -1.1605  -0.4051  -0.5949  0.5687
  49.70 drone1  -0.3461  -1.1605  -0.4101  -0.5849  0.5791
  49.80 drone1  -0.3307  -1.1426  -0.4251  -0.5849  0.5656
  49.90 drone1  -0.3353  -1.1464  -0.4401  -0.5849  0.5712
  50.00 drone1  -0.3395  -1.1434  -0.4551  -0.5849  0.5703
  50.10 drone1  -0.3413  -1.1451  -0.4701  -0.5849  0.5748
  50.20 drone1  -0.3337  -1.1492  -0.4851  -0.5849  0.5842
  50.30 drone1  -0.3375  -1.1504  -0.5001  -0.5849  0.5884
  50.40 drone1  -0.3371  -1.1505  -0.5151  -0.5849  0.5929
  50.50 drone1  -0.3376  -1.1487  -0.5301  -0.5849  0.5957
  50.60 drone1  -0.3368  -1.1473  -0.5451  -0.5849  0.5997
  50.70 drone1  -0.3368  -1.1463  -0.5601  -0.5849  0.6042
  50.80 drone1  -0.3477  -1.1284  -0.5751  -0.5849  0.5892
  50.90 drone1  -0.3355  -1.1458  -0.5901  -0.5849  0.6159
  51.00 drone1  -0.3394  -1.1471  -0.6051  -0.5849  0.6218
  51.10 drone1  -0.3402  -1.1476  -0.6201  -0.5849  0.6284
  51.20 drone1  -0.3353  -1.1480  -0.6351  -0.5849  0.6379
  51.30 drone1  -0.3360  -1.1486  -0.6501  -0.5849  0.6452
  51.40 drone1  -0.3383  -1.1496  -0.6651  -0.5849  0.6524
  51.50 drone1  -0.3383  -1.1496  -0.6801  -0.5849  0.6601
  51.60 drone1  -0.3380  -1.1511  -0.6951  -0.5849  0.6694
  51.70 drone1  -0.3434  -1.1615  -0.7101  -0.5849  0.6833
  51.80 drone1  -0.3452  -1.1634  -0.7251  -0.5849  0.6921
  51.90 drone1  -0.3502  -1.1518  -0.7401  -0.5849  0.6880
  52.00 drone1  -0.3490  -1.1493  -0.7551  -0.5849  0.6953
  52.10 drone1  -0.3469  -1.1550  -0.7701  -0.5849  0.7100
  52.20 drone1  -0.3434  -1.1562  -0.7851  -0.5849  0.7221
  52.30 drone1  -0.3444  -1.1476  -0.8001  -0.5849  0.7240
  52.40 drone1  -0.3439  -1.1481  -0.8151  -0.5849  0.7343
  52.50 drone1  -0.3447  -1.1482  -0.8301  -0.5849  0.7436
  52.60 drone1  -0.3455  -1.1488  -0.8451  -0.5849  0.7534
  52.70 drone1  -0.3460  -1.1501  -0.8601  -0.5849  0.7641
  52.80 drone1  -0.3464  -1.1499  -0.8751  -0.5849  0.7737
  52.90 drone1  -0.3460  -1.1503  -0.8901  -0.5849  0.7847
  53.00 drone1  -0.3472  -1.1490  -0.9051  -0.5849  0.7933
  53.10 drone1  -0.3471  -1.1501  -0.9051  -0.5999  0.7836
  53.20 drone1  -0.3470  -1.1530  -0.9051  -0.6149  0.7752
  53.30 drone1  -0.3479  -1.1511  -0.9051  -0.6299  0.7630
  53.40 drone1  -0.3474  -1.1669  -0.9051  -0.6449  0.7638
  53.50 drone1  -0.3431  -1.1503  -0.9051  -0.6599  0.7459
  53.60 drone1  -0.3440  -1.1529  -0.9051  -0.6749  0.7371
  53.70 drone1  -0.3527  -1.1740  -0.9051  -0.6899  0.7345
  53.80 drone1  -0.3492  -1.1763  -0.9051  -0.7049  0.7289
  53.90 drone1  -0.3474  -1.1856  -0.9051  -0.7199  0.7265
  54.00 drone1  -0.3473  -1.1915  -0.9051  -0.7349  0.7208
  54.10 drone1  -0.3597  -1.2041  -0.9051  -0.7499  0.7098
  54.20 drone1  -0.3605  -1.2103  -0.9051  -0.7649  0.7035
  54.30 drone1  -0.3634  -1.2119  -0.9051  -0.7799  0.6928
  54.40 drone1  -0.3573  -1.2129  -0.9051  -0.7949  0.6890
  54.50 drone1  -0.3599  -1.2143  -0.9051  -0.8099  0.6788
  54.60 drone1  -0.3617  -1.2152  -0.9051  -0.8249  0.6690
  54.70 drone1  -0.3627  -1.2157  -0.9051  -0.8399  0.6598
  54.80 drone1  -0.3640  -1.2160  -0.9051  -0.8549  0.6505
  54.90 drone1  -0.3648  -1.2171  -0.9051  -0.8699  0.6422
  55.00 drone1  -0.3652  -1.2158  -0.9051  -0.8849  0.6332
  55.10 drone1  -0.3568  -1.2088  -0.9051  -0.8999  0.6293
  55.20 drone1  -0.3588  -1.2090  -0.9051  -0.9149  0.6204
  55.30 drone1  -0.3573  -1.2089  -0.9051  -0.9299  0.6147
  55.40 drone1  -0.3552  -1.2077  -0.9051  -0.9449  0.6095
  55.50 drone1  -0.3550  -1.2077  -0.9051  -0.9599  0.6034
  55.60 drone1  -0.3535  -1.2063  -0.9051  -0.9749  0.5982
  55.70 drone1  -0.3532  -1.2038  -0.9051  -0.9899  0.5918
  55.80 drone1  -0.3545  -1.2036  -0.9051  -1.0049  0.5853
  55.90 drone1  -0.3556  -1.2033  -0.9051  -1.0199  0.5793
  56.00 drone1  -0.3546  -1.2050  -0.9051  -1.0349  0.5761
  56.10 drone1  -0.3569  -1.2052  -0.9051  -1.0499  0.5698
  56.20 drone1  -0.3577  -1.2070  -0.9051  -1.0649  0.5656
  56.30 drone1  -0.3583  -1.2067  -0.9051  -1.0799  0.5613
  56.40 drone1  -0.3571  -1.2080  -0.8951  -1.0849  0.5518
  56.50 drone1  -0.3563  -1.2070  -0.8801  -1.0849  0.5379
  56.60 drone1  -0.3566  -1.2070  -0.8651  -1.0849  0.5229
  56.70 drone1  -0.3563  -1.2080  -0.8501  -1.0849  0.5089
  56.80 drone1  -0.3561  -1.2087  -0.8351  -1.0849  0.4947
  56.90 drone1  -0.3568  -1.2080  -0.8201  -1.0849  0.4793
  57.00 drone1  -0.3559  -1.2089  -0.8051  -1.0849  0.4659
  57.10 drone1  -0.3556  -1.2089  -0.7901  -1.0849  0.4519
  57.20 drone1  -0.3556  -1.2097  -0.7751  -1.0849  0.4376
  57.30 drone1  -0.3548  -1.2086  -0.7601  -1.0849  0.4238
  57.40 drone1  -0.3539  -1.2094  -0.7451  -1.0849  0.4105
  57.50 drone1  -0.3532  -1.2100  -0.7301  -1.0849  0.3971
  57.60 drone1  -0.3532  -1.2099  -0.7151  -1.0849  0.3829
  57.70 drone1  -0.3520  -1.2088  -0.7001  -1.0849  0.3695
  57.80 drone1  -0.3520  -1.2091  -0.6851  -1.0849  0.3554
  57.90 drone1  -0.3519  -1.2083  -0.6701  -1.0849  0.3413
  58.00 drone1  -0.3508  -1.2098  -0.6551  -1.0849  0.3289
  58.10 drone1  -0.3506  -1.2102  -0.6401  -1.0849  0.3154
  58.20 drone1  -0.3498  -1.2113  -0.6251  -1.0849  0.3029
  58.30 drone1  -0.3447  -1.2101  -0.6101  -1.0849  0.2934
  58.40 drone1  -0.3452  -1.2108  -0.5951  -1.0849  0.2798
  58.50 drone1  -0.3488  -1.2144  -0.5801  -1.0849  0.2650
  58.60 drone1  -0.3484  -1.2134  -0.5651  -1.0849  0.2519
  58.70 drone1  -0.3478  -1.2137  -0.5501  -1.0849  0.2398
  58.80 drone1  -0.3461  -1.2143  -0.5351  -1.0849  0.2290
  58.90 drone1  -0.3478  -1.2148  -0.5201  -1.0849  0.2157
  59.00 drone1  -0.3482  -1.2140  -0.5051  -1.0849  0.2031
  59.10 drone1  -0.3474  -1.2141  -0.4901  -1.0849  0.1925
  59.20 drone1  -0.3471  -1.2139  -0.4751  -1.0849  0.1817
  59.30 drone1  -0.3472  -1.2145  -0.4601  -1.0849  0.1718
  59.40 drone1  -0.3468  -1.2139  -0.4451  -1.0849  0.1622
  59.50 drone1  -0.3469  -1.2135  -0.4301  -1.0849  0.1532
  59.60 drone1  -0.3455  -1.2126  -0.4151  -1.0849  0.1454
  59.70 drone1  -0.3463  -1.2118  -0.4051  -1.0799  0.1443
  59.80 drone1  -0.3466  -1.2122  -0.4051  -1.0649  0.1585
  59.90 drone1  -0.3480  -1.2126  -0.4051  -1.0499  0.1724
  60.00 drone1  -0.3484  -1.2127  -0.4051  -1.0349  0.1866
  60.10 drone1  -0.3494  -1.2124  -0.4051  -1.0199  0.2004
  60.20 drone1  -0.3509  -1.2117  -0.4051  -1.0049  0.2138
  60.30 drone1  -0.3492  -1.1922  -0.4051  -0.9899  0.2098
  60.40 drone1  -0.3460  -1.1947  -0.4051  -0.9749  0.2276
  60.50 drone1  -0.3405  -1.1956  -0.4051  -0.9599  0.2444
  60.60 drone1  -0.3439  -1.2141  -0.4051  -0.9449  0.2760
  60.70 drone1  -0.3421  -1.2152  -0.4051  -0.9299  0.2921
  60.80 drone1  -0.3436  -1.2158  -0.4051  -0.9149  0.3071
  60.90 drone1  -0.3435  -1.2180  -0.4051  -0.8999  0.3240
  61.00 drone1  -0.3449  -1.2196  -0.4051  -0.8849  0.3400
  61.10 drone1  -0.3475  -1.2220  -0.4051  -0.8699  0.3567
  61.20 drone1  -0.3366  -1.2129  -0.4051  -0.8549  0.3644
  61.30 drone1  -0.3360  -1.2125  -0.4051  -0.8399  0.3789
  61.40 drone1  -0.3361  -1.2125  -0.4051  -0.8249  0.3936
  61.50 drone1  -0.3473  -1.2167  -0.4051  -0.8099  0.4108
  61.60 drone1  -0.3470  -1.2133  -0.4051  -0.7949  0.4224
  61.70 drone1  -0.3470  -1.2087  -0.4051  -0.7799  0.4327
  61.80 drone1  -0.3483  -1.2020  -0.4051  -0.7649  0.4407
  61.90 drone1  -0.3583  -1.1903  -0.4051  -0.7499  0.4428
  62.00 drone1  -0.3689  -1.1751  -0.4051  -0.7349  0.4416
  62.10 drone1  -0.3762  -1.1612  -0.4051  -0.7199  0.4422
  62.20 drone1  -0.3807  -1.1515  -0.4051  -0.7049  0.4472
  62.30 drone1  -0.3907  -1.1506  -0.4051  -0.6899  0.4609
  62.40 drone1  -0.3880  -1.1502  -0.4051  -0.6749  0.4756
  62.50 drone1  -0.3887  -1.1502  -0.4051  -0.6599  0.4906
  62.60 drone1  -0.3876  -1.1492  -0.4051  -0.6449  0.5046
  62.70 drone1  -0.3834  -1.1448  -0.4051  -0.6299  0.5153
  62.80 drone1  -0.3849  -1.1411  -0.4051  -0.6149  0.5266
  62.90 drone1  -0.3869  -1.1393  -0.4051  -0.5999  0.5397
  63.00 drone1  -0.3899  -1.1407  -0.4051  -0.5849  0.5560
  63.10 drone1  -0.3903  -1.1391  -0.4201  -0.5849  0.5549
  63.20 drone1  -0.3895  -1.1383  -0.4351  -0.5849  0.5553
  63.30 drone1  -0.3920  -1.1501  -0.4501  -0.5849  0.5681
  63.40 drone1  -0.3950  -1.1601  -0.4651  -0.5849  0.5795
  63.50 drone1  -0.3978  -1.1705  -0.4801  -0.5849  0.5913
  63.60 drone1  -0.4028  -1.1794  -0.4951  -0.5849  0.6016
  63.70 drone1  -0.4040  -1.1831  -0.5101  -0.5849  0.6075
  63.80 drone1  -0.4052  -1.1862  -0.5251  -0.5849  0.6131
  63.90 drone1  -0.4043  -1.1894  -0.5401  -0.5849  0.6195
  64.00 drone1  -0.4012  -1.1905  -0.5551  -0.5849  0.6248
  64.10 drone1  -0.4022  -1.1939  -0.5701  -0.5849  0.6317
  64.20 drone1  -0.4032  -1.1963  -0.5851  -0.5849  0.6379
  64.30 drone1  -0.4057  -1.1990  -0.6001  -0.5849  0.6441
  64.40 drone1  -0.4097  -1.2031  -0.6151  -0.5849  0.6514
  64.50 drone1  -0.4107  -1.2009  -0.6301  -0.5849  0.6539
  64.60 drone1  -0.4087  -1.2061  -0.6451  -0.5849  0.6646
  64.70 drone1  -0.4010  -1.2217  -0.6601  -0.5849  0.6874
  64.80 drone1  -0.3962  -1.2263  -0.6751  -0.5849  0.6994
  64.90 drone1  -0.3945  -1.2308  -0.6901  -0.5849  0.7103
  65.00 drone1  -0.3928  -1.2346  -0.7051  -0.5849  0.7208
  65.10 drone1  -0.3934  -1.2331  -0.7201  -0.5849  0.7258
  65.20 drone1  -0.3921  -1.2312  -0.7351  -0.5849  0.7316
  65.30 drone1  -0.3900  -1.2307  -0.7501  -0.5849  0.7394
  65.40 drone1  -0.3884  -1.2269  -0.7651  -0.5849  0.7444
  65.50 drone1  -0.3890  -1.2271  -0.7801  -0.5849  0.7519
  65.60 drone1  -0.3910  -1.2263  -0.7951  -0.5849  0.7581
  65.70 drone1  -0.3907  -1.2270  -0.8101  -0.5849  0.7669
  65.80 drone1  -0.3889  -1.2279  -0.8251  -0.5849  0.7769
  65.90 drone1  -0.3879  -1.2282  -0.8401  -0.5849  0.7863
  66.00 drone1  -0.3882  -1.2280  -0.8551  -0.5849  0.7947
  66.10 drone1  -0.3887  -1.2294  -0.8701  -0.5849  0.8044
  66.20 drone1  -0.3892  -1.2300  -0.8851  -0.5849  0.8137
  66.30 drone1  -0.3887  -1.2299  -0.9001  -0.5849  0.8231
  66.40 drone1  -0.3876  -1.2277  -0.9051  -0.5949  0.8174
  66.50 drone1  -0.3877  -1.2249  -0.9051  -0.6099  0.8037
  66.60 drone1  -0.3867  -1.2209  -0.9051  -0.6249  0.7899
  66.70 drone1  -0.3874  -1.2179  -0.9051  -0.6399  0.7759
  66.80 drone1  -0.3897  -1.2139  -0.9051  -0.6549  0.7603
  66.90 drone1  -0.3918  -1.2082  -0.9051  -0.6699  0.7437
  67.00 drone1  -0.3861  -1.2093  -0.9051  -0.6849  0.7377
  67.10 drone1  -0.3816  -1.2111  -0.9051  -0.6999  0.7316
  67.20 drone1  -0.3800  -1.2106  -0.9051  -0.7149  0.7221
  67.30 drone1  -0.3798  -1.2110  -0.9051  -0.7299  0.7123
  67.40 drone1  -0.3806  -1.2101  -0.9051  -0.7449  0.7010
  67.50 drone1  -0.3794  -1.2093  -0.9051  -0.7599  0.6916
  67.60 drone1  -0.3791  -1.2093  -0.9051  -0.7749  0.6821
  67.70 drone1  -0.3797  -1.2094  -0.9051  -0.7899  0.6723
  67.80 drone1  -0.3799  -1.2087  -0.9051  -0.8049  0.6624
  67.90 drone1  -0.3798  -1.2098  -0.9051  -0.8199  0.6542
  68.00 drone1  -0.3797  -1.2094  -0.9051  -0.8349  0.6452
  68.10 drone1  -0.3793  -1.2094  -0.9051  -0.8499  0.6369
  68.20 drone1  -0.3794  -1.2093  -0.9051  -0.8649  0.6284
  68.30 drone1  -0.3791  -1.2083  -0.9051  -0.8799  0.6201
  68.40 drone1  -0.3801  -1.2041  -0.9051  -0.8949  0.6093
  68.50 drone1  -0.3805  -1.2002  -0.9051  -0.9099  0.5995
  68.60 drone1  -0.3857  -1.1937  -0.9051  -0.9249  0.5848
  68.70 drone1  -0.3852  -1.1923  -0.9051  -0.9399  0.5779
  68.80 drone1  -0.3824  -1.1902  -0.9051  -0.9549  0.5732
  68.90 drone1  -0.3789  -1.1918  -0.9051  -0.9699  0.5711
  69.00 drone1  -0.3786  -1.1943  -0.9051  -0.9849  0.5666
  69.10 drone1  -0.3765  -1.1944  -0.9051  -0.9999  0.5632
  69.20 drone1  -0.3765  -1.1951  -0.9051  -1.0149  0.5584
  69.30 drone1  -0.3762  -1.1958  -0.9051  -1.0299  0.5543
  69.40 drone1  -0.3757  -1.1961  -0.9051  -1.0449  0.5505
  69.50 drone1  -0.3753  -1.1960  -0.9051  -1.0599  0.5469
  69.60 drone1  -0.3761  -1.1970  -0.9051  -1.0749  0.5429
  69.70 drone1  -0.3820  -1.2006  -0.9001  -1.0849  0.5308
  69.80 drone1  -0.3765  -1.1971  -0.8851  -1.0849  0.5208
  69.90 drone1  -0.3753  -1.1956  -0.8701  -1.0849  0.5070
  70.00 drone1  -0.3755  -1.1957  -0.8551  -1.0849  0.4922
  70.10 drone1  -0.3770  -1.1944  -0.8401  -1.0849  0.4759
  70.20 drone1  -0.3824  -1.1944  -0.8251  -1.0849  0.4561
  70.30 drone1  -0.3779  -1.1828  -0.8101  -1.0849  0.4431
  70.40 drone1  -0.3837  -1.1738  -0.7951  -1.0849  0.4209
  70.50 drone1  -0.3874  -1.1643  -0.7801  -1.0849  0.4006
  70.60 drone1  -0.3906  -1.1507  -0.7651  -1.0849  0.3802
  70.70 drone1  -0.3857  -1.1423  -0.7501  -1.0849  0.3689
  70.80 drone1  -0.3876  -1.1392  -0.7351  -1.0849  0.3517
  70.90 drone1  -0.3894  -1.1458  -0.7201  -1.0849  0.3362
  71.00 drone1  -0.3916  -1.1551  -0.7051  -1.0849  0.3213
  71.10 drone1  -0.3928  -1.1575  -0.6901  -1.0849  0.3060
  71.20 drone1  -0.4002  -1.1522  -0.6751  -1.0849  0.2830
  71.30 drone1  -0.4210  -1.1411  -0.6601  -1.0849  0.2456
  71.40 drone1  -0.4537  -1.1290  -0.6451  -1.0849  0.1963
  71.50 drone1  -0.5035  -1.1336  -0.6301  -1.0849  0.1356
  71.60 drone1  -0.5822  -1.1479  -0.6151  -1.0849  0.0710
  71.70 drone1  -0.6559  -1.1955  -0.6001  -1.0849  0.1239
  71.80 drone1  -0.7475  -1.2338  -0.5851  -1.0849  0.2203
  71.90 drone1  -0.8254  -1.2526  -0.5701  -1.0849  0.3055
  72.00 drone1  -0.9264  -1.2515  -0.5551  -1.0849  0.4070
  72.10 drone1  -1.0129  -1.2691  -0.5401  -1.0849  0.5075
  72.20 drone1  -1.0908  -1.2607  -0.5251  -1.0849  0.5924
  72.30 drone1  -1.1434  -1.2383  -0.5101  -1.0849  0.6516
  72.40 drone1  -1.1493  -1.1912  -0.4951  -1.0849  0.6628
  72.50 drone1  -1.1355  -1.1523  -0.4801  -1.0849  0.6589
  72.60 drone1  -1.1438  -1.1574  -0.4651  -1.0849  0.6825
  72.70 drone1  -1.1538  -1.1876  -0.4501  -1.0849  0.7112
  72.80 drone1  -1.1465  -1.2049  -0.4351  -1.0849  0.7215
  72.90 drone1  -1.1180  -1.1511  -0.4201  -1.0849  0.7010
  73.00 drone1  -1.0794  -1.0906  -0.4051  -1.0849  0.6743
  73.10 drone1  -1.0503  -1.0472  -0.4051  -1.0699  0.6456
  73.20 drone1  -1.0404  -1.0242  -0.4051  -1.0549  0.6360
  73.30 drone1  -1.0238  -1.0004  -0.4051  -1.0399  0.6199
  73.40 drone1  -1.0168  -0.9986  -0.4051  -1.0249  0.6123
  73.50 drone1  -1.0251  -1.0019  -0.4051  -1.0099  0.6201
  73.60 drone1  -0.9950  -0.9832  -0.4051  -0.9949  0.5901
  73.70 drone1  -0.9788  -0.9781  -0.4051  -0.9799  0.5737
  73.80 drone1  -0.9963  -0.9813  -0.4051  -0.9649  0.5915
  73.90 drone1  -0.9963  -0.9813  -0.4051  -0.9499  0.5921
  74.00 drone1  -0.9961  -0.9841  -0.4051  -0.9349  0.5930
  74.10 drone1  -0.9980  -0.9844  -0.4051  -0.9199  0.5964
  74.20 drone1  -0.9976  -0.9892  -0.4051  -0.9049  0.5985
  74.30 drone1  -1.0045  -0.9899  -0.4051  -0.8899  0.6077
  74.40 drone1  -1.0013  -0.9867  -0.4051  -0.8749  0.6067
  74.50 drone1  -1.0020  -0.9869  -0.4051  -0.8599  0.6103
  74.60 drone1  -1.0018  -0.9870  -0.4051  -0.8449  0.6134
  74.70 drone1  -0.9952  -0.9867  -0.4051  -0.8299  0.6106
  74.80 drone1  -0.9952  -0.9877  -0.4051  -0.8149  0.6149
  74.90 drone1  -0.9949  -0.9867  -0.4051  -0.7999  0.6187
  75.00 drone1  -0.9948  -0.9870  -0.4051  -0.7849  0.6233
  75.10 drone1  -0.9957  -0.9871  -0.4051  -0.7699  0.6293
  75.20 drone1  -0.9965  -0.9875  -0.4051  -0.7549  0.6355
  75.30 drone1  -0.9951  -0.9867  -0.4051  -0.7399  0.6395
  75.40 drone1  -0.9974  -0.9880  -0.4051  -0.7249  0.6481
  75.50 drone1  -0.9949  -0.9865  -0.4051  -0.7099  0.6514
  75.60 drone1  -0.9966  -0.9874  -0.4051  -0.6949  0.6599
  75.70 drone1  -1.0026  -1.0032  -0.4051  -0.6799  0.6794
  75.80 drone1  -1.0024  -1.0030  -0.4051  -0.6649  0.6864
  75.90 drone1  -1.0024  -1.0032  -0.4051  -0.6499  0.6940
  76.00 drone1  -1.0026  -1.0030  -0.4051  -0.6349  0.7017
  76.10 drone1  -1.0022  -1.0028  -0.4051  -0.6199  0.7094
  76.20 drone1  -1.0024  -1.0027  -0.4051  -0.6049  0.7177
  76.30 drone1  -1.0023  -1.0029  -0.4051  -0.5899  0.7261
  76.40 drone1  -1.0024  -1.0031  -0.4151  -0.5849  0.7210
  76.50 drone1  -1.0021  -1.0033  -0.4301  -0.5849  0.7087
  76.60 drone1  -1.0022  -1.0034  -0.4451  -0.5849  0.6968
  76.70 drone1  -1.0021  -1.0032  -0.4601  -0.5849  0.6846
  76.80 drone1  -1.0023  -1.0034  -0.4751  -0.5849  0.6731
  76.90 drone1  -1.0019  -1.0028  -0.4901  -0.5849  0.6608
  77.00 drone1  -1.0021  -1.0032  -0.5051  -0.5849  0.6496
  77.10 drone1  -1.0019  -1.0028  -0.5201  -0.5849  0.6378
  77.20 drone1  -1.0020  -1.0032  -0.5351  -0.5849  0.6269
  77.30 drone1  -1.0023  -1.0031  -0.5501  -0.5849  0.6159
  77.40 drone1  -1.0024  -1.0026  -0.5651  -0.5849  0.6047
  77.50 drone1  -1.0027  -1.0029  -0.5801  -0.5849  0.5944
  77.60 drone1  -1.0026  -1.0029  -0.5951  -0.5849  0.5837
  77.70 drone1  -1.0028  -1.0026  -0.6101  -0.5849  0.5733
  77.80 drone1  -1.0026  -1.0032  -0.6251  -0.5849  0.5634
  77.90 drone1  -1.0026  -1.0028  -0.6401  -0.5849  0.5533
  78.00 drone1  -1.0026  -1.0028  -0.6551  -0.5849  0.5435
  78.10 drone1  -1.0026  -1.0028  -0.6701  -0.5849  0.5341
  78.20 drone1  -1.0027  -1.0027  -0.6851  -0.5849  0.5248
  78.30 drone1  -1.0029  -1.0027  -0.7001  -0.5849  0.5160
  78.40 drone1  -1.0027  -1.0028  -0.7151  -0.5849  0.5073
