# Square flight log. Positions in metres, time in seconds
# since the algorithm started (motion begins at start_delay).
# t drone_id x y target_x target_y error
   0.10 drone1  -0.9430  -1.0614  -0.9430  -1.0614  0.0000
   0.20 drone1  -0.9429  -1.0616  -0.9430  -1.0614  0.0002
   0.30 drone1  -0.9430  -1.0616  -0.9430  -1.0614  0.0002
   0.40 drone1  -0.9431  -1.0612  -0.9430  -1.0614  0.0002
   0.50 drone1  -0.9429  -1.0615  -0.9430  -1.0614  0.0002
   0.60 drone1  -0.9424  -1.0620  -0.9430  -1.0614  0.0008
   0.70 drone1  -0.9424  -1.0618  -0.9430  -1.0614  0.0008
   0.80 drone1  -0.9429  -1.0614  -0.9430  -1.0614  0.0001
   0.90 drone1  -0.9429  -1.0614  -0.9430  -1.0614  0.0001
   1.00 drone1  -0.9429  -1.0615  -0.9430  -1.0614  0.0001
   1.10 drone1  -0.9432  -1.0613  -0.9430  -1.0614  0.0002
   1.20 drone1  -0.9429  -1.0616  -0.9430  -1.0614  0.0002
   1.30 drone1  -0.9429  -1.0614  -0.9430  -1.0614  0.0001
   1.40 drone1  -0.9430  -1.0612  -0.9430  -1.0614  0.0002
   1.50 drone1  -0.9431  -1.0613  -0.9430  -1.0614  0.0001
   1.60 drone1  -0.9428  -1.0616  -0.9430  -1.0614  0.0003
   1.70 drone1  -0.9431  -1.0612  -0.9430  -1.0614  0.0002
   1.80 drone1  -0.9431  -1.0612  -0.9430  -1.0614  0.0002
   1.90 drone1  -0.9427  -1.0618  -0.9430  -1.0614  0.0005
   2.00 drone1  -0.9432  -1.0612  -0.9430  -1.0614  0.0002
   2.10 drone1  -0.9429  -1.0615  -0.9430  -1.0614  0.0001
   2.20 drone1  -0.9429  -1.0614  -0.9430  -1.0614  0.0001
   2.30 drone1  -0.9426  -1.0615  -0.9430  -1.0614  0.0005
   2.40 drone1  -0.9430  -1.0614  -0.9430  -1.0614  0.0000
   2.50 drone1  -0.9427  -1.0617  -0.9430  -1.0614  0.0005
   2.60 drone1  -0.9427  -1.0616  -0.9430  -1.0614  0.0003
   2.70 drone1  -0.9431  -1.0612  -0.9430  -1.0614  0.0002
   2.80 drone1  -0.9430  -1.0612  -0.9430  -1.0614  0.0002
   2.90 drone1  -0.9429  -1.0614  -0.9430  -1.0614  0.0001
   3.00 drone1  -0.9430  -1.0613  -0.9430  -1.0614  0.0001
   3.10 drone1  -0.9429  -1.0615  -0.9180  -1.0614  0.0249
   3.20 drone1  -0.9431  -1.0612  -0.8930  -1.0614  0.0501
   3.30 drone1  -0.9428  -1.0616  -0.8680  -1.0614  0.0748
   3.40 drone1  -0.9427  -1.0618  -0.8430  -1.0614  0.0997
   3.50 drone1  -0.9429  -1.0615  -0.8180  -1.0614  0.1249
   3.60 drone1  -0.9431  -1.0614  -0.7930  -1.0614  0.1501
   3.70 drone1  -0.9430  -1.0614  -0.7680  -1.0614  0.1750
   3.80 drone1  -0.9429  -1.0615  -0.7430  -1.0614  0.1999
   3.90 drone1  -0.9429  -1.0614  -0.7180  -1.0614  0.2249
   4.00 drone1  -0.9430  -1.0613  -0.6930  -1.0614  0.2500
   4.10 drone1  -0.9429  -1.0615  -0.6680  -1.0614  0.2750
   4.20 drone1  -0.9430  -1.0613  -0.6430  -1.0614  0.3000
   4.30 drone1  -0.9430  -1.0612  -0.6180  -1.0614  0.3251
   4.40 drone1  -0.9427  -1.0615  -0.5930  -1.0614  0.3498
   4.50 drone1  -0.9428  -1.0615  -0.5680  -1.0614  0.3748
   4.60 drone1  -0.9429  -1.0615  -0.5430  -1.0614  0.3999
   4.70 drone1  -0.9424  -1.0618  -0.5180  -1.0614  0.4245
   4.80 drone1  -0.9432  -1.0611  -0.4930  -1.0614  0.4502
   4.90 drone1  -0.9430  -1.0615  -0.4680  -1.0614  0.4750
   5.00 drone1  -0.9429  -1.0614  -0.4430  -1.0614  0.4999
   5.10 drone1  -0.9428  -1.0616  -0.4180  -1.0614  0.5248
   5.20 drone1  -0.9428  -1.0616  -0.3930  -1.0614  0.5498
   5.30 drone1  -0.9431  -1.0612  -0.3680  -1.0614  0.5752
   5.40 drone1  -0.9431  -1.0612  -0.3430  -1.0614  0.6001
   5.50 drone1  -0.9426  -1.0619  -0.3180  -1.0614  0.6246
   5.60 drone1  -0.9425  -1.0619  -0.2930  -1.0614  0.6495
   5.70 drone1  -0.9429  -1.0614  -0.2680  -1.0614  0.6749
   5.80 drone1  -0.9430  -1.0616  -0.2430  -1.0614  0.7000
   5.90 drone1  -0.9431  -1.0613  -0.2180  -1.0614  0.7251
   6.00 drone1  -0.9431  -1.0612  -0.1930  -1.0614  0.7501
   6.10 drone1  -0.9430  -1.0616  -0.1680  -1.0614  0.7750
   6.20 drone1  -0.9430  -1.0613  -0.1430  -1.0614  0.8000
   6.30 drone1  -0.9432  -1.0613  -0.1180  -1.0614  0.8252
   6.40 drone1  -0.9431  -1.0613  -0.0930  -1.0614  0.8501
   6.50 drone1  -0.9431  -1.0613  -0.0680  -1.0614  0.8751
   6.60 drone1  -0.9423  -1.0620  -0.0430  -1.0614  0.8994
   6.70 drone1  -0.9432  -1.0613  -0.0180  -1.0614  0.9252
   6.80 drone1  -0.9432  -1.0612  +0.0070  -1.0614  0.9502
   6.90 drone1  -0.9431  -1.0615  +0.0320  -1.0614  0.9751
   7.00 drone1  -0.9432  -1.0612  +0.0570  -1.0614  1.0002
   7.10 drone1  -0.9433  -1.0611  +0.0570  -1.0364  1.0006
   7.20 drone1  -0.9428  -1.0616  +0.0570  -1.0114  1.0011
   7.30 drone1  -0.9424  -1.0618  +0.0570  -0.9864  1.0022
   7.40 drone1  -0.9429  -1.0615  +0.0570  -0.9614  1.0049
   7.50 drone1  -0.9429  -1.0616  +0.0570  -0.9364  1.0077
   7.60 drone1  -0.9431  -1.0612  +0.0570  -0.9114  1.0113
   7.70 drone1  -0.9429  -1.0615  +0.0570  -0.8864  1.0151
   7.80 drone1  -0.9430  -1.0614  +0.0570  -0.8614  1.0198
   7.90 drone1  -0.9427  -1.0620  +0.0570  -0.8364  1.0249
   8.00 drone1  -0.9430  -1.0614  +0.0570  -0.8114  1.0308
   8.10 drone1  -0.9424  -1.0621  +0.0570  -0.7864  1.0367
   8.20 drone1  -0.9430  -1.0614  +0.0570  -0.7614  1.0440
   8.30 drone1  -0.9431  -1.0615  +0.0570  -0.7364  1.0516
   8.40 drone1  -0.9432  -1.0612  +0.0570  -0.7114  1.0596
   8.50 drone1  -0.9431  -1.0614  +0.0570  -0.6864  1.0681
   8.60 drone1  -0.9431  -1.0614  +0.0570  -0.6614  1.0771
   8.70 drone1  -0.9431  -1.0615  +0.0570  -0.6364  1.0867
   8.80 drone1  -0.9431  -1.0616  +0.0570  -0.6114  1.0968
   8.90 drone1  -0.9431  -1.0615  +0.0570  -0.5864  1.1073
   9.00 drone1  -0.9429  -1.0616  +0.0570  -0.5614  1.1180
   9.10 drone1  -0.9433  -1.0614  +0.0570  -0.5364  1.1298
   9.20 drone1  -0.9432  -1.0613  +0.0570  -0.5114  1.1415
   9.30 drone1  -0.9433  -1.0614  +0.0570  -0.4864  1.1538
   9.40 drone1  -0.9430  -1.0615  +0.0570  -0.4614  1.1663
   9.50 drone1  -0.9432  -1.0613  +0.0570  -0.4364  1.1794
   9.60 drone1  -0.9431  -1.0613  +0.0570  -0.4114  1.1927
   9.70 drone1  -0.9431  -1.0614  +0.0570  -0.3864  1.2067
   9.80 drone1  -0.9434  -1.0613  +0.0570  -0.3614  1.2209
   9.90 drone1  -0.9435  -1.0614  +0.0570  -0.3364  1.2356
  10.00 drone1  -0.9434  -1.0613  +0.0570  -0.3114  1.2502
  10.10 drone1  -0.9434  -1.0615  +0.0570  -0.2864  1.2656
  10.20 drone1  -0.9435  -1.0611  +0.0570  -0.2614  1.2809
  10.30 drone1  -0.9429  -1.0614  +0.0570  -0.2364  1.2963
  10.40 drone1  -0.9434  -1.0611  +0.0570  -0.2114  1.3126
  10.50 drone1  -0.9428  -1.0617  +0.0570  -0.1864  1.3289
  10.60 drone1  -0.9430  -1.0616  +0.0570  -0.1614  1.3455
  10.70 drone1  -0.9431  -1.0614  +0.0570  -0.1364  1.3623
  10.80 drone1  -0.9431  -1.0613  +0.0570  -0.1114  1.3793
  10.90 drone1  -0.9434  -1.0614  +0.0570  -0.0864  1.3970
  11.00 drone1  -0.9434  -1.0612  +0.0570  -0.0614  1.4144
  11.10 drone1  -0.9430  -1.0615  +0.0320  -0.0614  1.3968
  11.20 drone1  -0.9431  -1.0615  +0.0070  -0.0614  1.3795
  11.30 drone1  -0.9432  -1.0614  -0.0180  -0.0614  1.3624
  11.40 drone1  -0.9431  -1.0614  -0.0430  -0.0614  1.3455
  11.50 drone1  -0.9430  -1.0614  -0.0680  -0.0614  1.3288
  11.60 drone1  -0.9432  -1.0615  -0.0930  -0.0614  1.3127
  11.70 drone1  -0.9431  -1.0615  -0.1180  -0.0614  1.2966
  11.80 drone1  -0.9433  -1.0613  -0.1430  -0.0614  1.2808
  11.90 drone1  -0.9434  -1.0614  -0.1680  -0.0614  1.2654
  12.00 drone1  -0.9434  -1.0615  -0.1930  -0.0614  1.2503
  12.10 drone1  -0.9431  -1.0615  -0.2180  -0.0614  1.2353
  12.20 drone1  -0.9433  -1.0614  -0.2430  -0.0614  1.2209
  12.30 drone1  -0.9431  -1.0615  -0.2680  -0.0614  1.2067
  12.40 drone1  -0.9431  -1.0613  -0.2930  -0.0614  1.1927
  12.50 drone1  -0.9434  -1.0612  -0.3180  -0.0614  1.1793
  12.60 drone1  -0.9430  -1.0615  -0.3430  -0.0614  1.1663
  12.70 drone1  -0.9433  -1.0614  -0.3680  -0.0614  1.1537
  12.80 drone1  -0.9430  -1.0617  -0.3930  -0.0614  1.1416
  12.90 drone1  -0.9433  -1.0612  -0.4180  -0.0614  1.1294
  13.00 drone1  -0.9432  -1.0614  -0.4430  -0.0614  1.1182
  13.10 drone1  -0.9430  -1.0615  -0.4680  -0.0614  1.1072
  13.20 drone1  -0.9431  -1.0614  -0.4930  -0.0614  1.0967
  13.30 drone1  -0.9433  -1.0613  -0.5180  -0.0614  1.0866
  13.40 drone1  -0.9432  -1.0615  -0.5430  -0.0614  1.0772
  13.50 drone1  -0.9433  -1.0615  -0.5680  -0.0614  1.0682
  13.60 drone1  -0.9433  -1.0614  -0.5930  -0.0614  1.0596
  13.70 drone1  -0.9427  -1.0622  -0.6180  -0.0614  1.0522
  13.80 drone1  -0.9434  -1.0610  -0.6430  -0.0614  1.0439
  13.90 drone1  -0.9433  -1.0613  -0.6680  -0.0614  1.0371
  14.00 drone1  -0.9433  -1.0613  -0.6930  -0.0614  1.0308
  14.10 drone1  -0.9432  -1.0615  -0.7180  -0.0614  1.0252
  14.20 drone1  -0.9431  -1.0614  -0.7430  -0.0614  1.0198
  14.30 drone1  -0.9427  -1.0619  -0.7680  -0.0614  1.0157
  14.40 drone1  -0.9432  -1.0613  -0.7930  -0.0614  1.0112
  14.50 drone1  -0.9432  -1.0613  -0.8180  -0.0614  1.0078
