# Square flight log. Positions in metres, time in seconds
# since the algorithm started (motion begins at start_delay).
# t drone_id x y target_x target_y error
   0.10 drone1  +0.1234  +0.2144  +0.1234  +0.2144  0.0000
   0.20 drone1  +0.1215  +0.2152  +0.1234  +0.2144  0.0020
   0.30 drone1  +0.1201  +0.2156  +0.1234  +0.2144  0.0035
   0.40 drone1  +0.1193  +0.2167  +0.1234  +0.2144  0.0047
   0.50 drone1  +0.1189  +0.2183  +0.1234  +0.2144  0.0060
   0.60 drone1  +0.1181  +0.2195  +0.1234  +0.2144  0.0073
   0.70 drone1  +0.1185  +0.2213  +0.1234  +0.2144  0.0085
   0.80 drone1  +0.1175  +0.2205  +0.1234  +0.2144  0.0085
   0.90 drone1  +0.1152  +0.2187  +0.1234  +0.2144  0.0093
   1.00 drone1  +0.1129  +0.2151  +0.1234  +0.2144  0.0105
   1.10 drone1  +0.1105  +0.2106  +0.1234  +0.2144  0.0134
   1.20 drone1  +0.1081  +0.2037  +0.1234  +0.2144  0.0186
   1.30 drone1  +0.1069  +0.1987  +0.1234  +0.2144  0.0228
   1.40 drone1  +0.1069  +0.1957  +0.1234  +0.2144  0.0249
   1.50 drone1  +0.1080  +0.1947  +0.1234  +0.2144  0.0249
   1.60 drone1  +0.1097  +0.1975  +0.1234  +0.2144  0.0217
   1.70 drone1  +0.1117  +0.2028  +0.1234  +0.2144  0.0164
   1.80 drone1  +0.1140  +0.2104  +0.1234  +0.2144  0.0102
   1.90 drone1  +0.1165  +0.2187  +0.1234  +0.2144  0.0081
   2.00 drone1  +0.1190  +0.2265  +0.1234  +0.2144  0.0130
   2.10 drone1  +0.1209  +0.2332  +0.1234  +0.2144  0.0190
   2.20 drone1  +0.1232  +0.2386  +0.1234  +0.2144  0.0242
   2.30 drone1  +0.1245  +0.2414  +0.1234  +0.2144  0.0271
   2.40 drone1  +0.1249  +0.2436  +0.1234  +0.2144  0.0293
   2.50 drone1  +0.1242  +0.2440  +0.1234  +0.2144  0.0297
   2.60 drone1  +0.1229  +0.2432  +0.1234  +0.2144  0.0289
   2.70 drone1  +0.1217  +0.2403  +0.1234  +0.2144  0.0260
   2.80 drone1  +0.1211  +0.2346  +0.1234  +0.2144  0.0203
   2.90 drone1  +0.1211  +0.2257  +0.1234  +0.2144  0.0116
   3.00 drone1  +0.1217  +0.2163  +0.1234  +0.2144  0.0026
   3.10 drone1  +0.1231  +0.2079  +0.1484  +0.2144  0.0261
   3.20 drone1  +0.1273  +0.2018  +0.1734  +0.2144  0.0478
   3.30 drone1  +0.1395  +0.1982  +0.1984  +0.2144  0.0611
   3.40 drone1  +0.1599  +0.1963  +0.2234  +0.2144  0.0660
   3.50 drone1  +0.1876  +0.1964  +0.2484  +0.2144  0.0634
   3.60 drone1  +0.2176  +0.1974  +0.2734  +0.2144  0.0583
   3.70 drone1  +0.2486  +0.1992  +0.2984  +0.2144  0.0520
   3.80 drone1  +0.2775  +0.2010  +0.3234  +0.2144  0.0478
   3.90 drone1  +0.3045  +0.2028  +0.3484  +0.2144  0.0454
   4.00 drone1  +0.3303  +0.2038  +0.3734  +0.2144  0.0444
   4.10 drone1  +0.3588  +0.2052  +0.3984  +0.2144  0.0406
   4.20 drone1  +0.3891  +0.2055  +0.4234  +0.2144  0.0354
   4.30 drone1  +0.4215  +0.2050  +0.4484  +0.2144  0.0284
   4.40 drone1  +0.4543  +0.2049  +0.4734  +0.2144  0.0213
   4.50 drone1  +0.4835  +0.2033  +0.4984  +0.2144  0.0185
   4.60 drone1  +0.5104  +0.2027  +0.5234  +0.2144  0.0175
   4.70 drone1  +0.5329  +0.2019  +0.5484  +0.2144  0.0199
   4.80 drone1  +0.5535  +0.2018  +0.5734  +0.2144  0.0235
   4.90 drone1  +0.5724  +0.2015  +0.5984  +0.2144  0.0290
   5.00 drone1  +0.5923  +0.2016  +0.6234  +0.2144  0.0336
   5.10 drone1  +0.6141  +0.2019  +0.6484  +0.2144  0.0365
   5.20 drone1  +0.6381  +0.2020  +0.6734  +0.2144  0.0374
   5.30 drone1  +0.6641  +0.2023  +0.6984  +0.2144  0.0364
   5.40 drone1  +0.6907  +0.2020  +0.7234  +0.2144  0.0349
   5.50 drone1  +0.7174  +0.2015  +0.7484  +0.2144  0.0336
   5.60 drone1  +0.7432  +0.2015  +0.7734  +0.2144  0.0328
   5.70 drone1  +0.7690  +0.2016  +0.7984  +0.2144  0.0320
   5.80 drone1  +0.7937  +0.2014  +0.8234  +0.2144  0.0324
   5.90 drone1  +0.8188  +0.2018  +0.8484  +0.2144  0.0321
   6.00 drone1  +0.8429  +0.2029  +0.8734  +0.2144  0.0326
   6.10 drone1  +0.8675  +0.2042  +0.8984  +0.2144  0.0325
   6.20 drone1  +0.8916  +0.2051  +0.9234  +0.2144  0.0331
   6.30 drone1  +0.9158  +0.2055  +0.9484  +0.2144  0.0338
   6.40 drone1  +0.9413  +0.2055  +0.9734  +0.2144  0.0333
   6.50 drone1  +0.9685  +0.2051  +0.9984  +0.2144  0.0313
   6.60 drone1  +0.9977  +0.2049  +1.0234  +0.2144  0.0274
   6.70 drone1  +1.0276  +0.2046  +1.0484  +0.2144  0.0230
   6.80 drone1  +1.0562  +0.2039  +1.0734  +0.2144  0.0202
   6.90 drone1  +1.0833  +0.2031  +1.0984  +0.2144  0.0188
   7.00 drone1  +1.1070  +0.2021  +1.1234  +0.2144  0.0205
   7.10 drone1  +1.1305  +0.2006  +1.1484  +0.2144  0.0225
   7.20 drone1  +1.1490  +0.1995  +1.1734  +0.2144  0.0285
   7.30 drone1  +1.1698  +0.1984  +1.1984  +0.2144  0.0328
   7.40 drone1  +1.1931  +0.1969  +1.2234  +0.2144  0.0350
   7.50 drone1  +1.2164  +0.1958  +1.2484  +0.2144  0.0370
   7.60 drone1  +1.2390  +0.1954  +1.2734  +0.2144  0.0393
   7.70 drone1  +1.2650  +0.1948  +1.2984  +0.2144  0.0387
   7.80 drone1  +1.2904  +0.1954  +1.3234  +0.2144  0.0381
   7.90 drone1  +1.3180  +0.1971  +1.3484  +0.2144  0.0350
   8.00 drone1  +1.3408  +0.1986  +1.3734  +0.2144  0.0362
   8.10 drone1  +1.3654  +0.2003  +1.3984  +0.2144  0.0359
   8.20 drone1  +1.3915  +0.2015  +1.4234  +0.2144  0.0344
   8.30 drone1  +1.4126  +0.2024  +1.4484  +0.2144  0.0377
   8.40 drone1  +1.4371  +0.2037  +1.4734  +0.2144  0.0379
   8.50 drone1  +1.4659  +0.2054  +1.4984  +0.2144  0.0337
   8.60 drone1  +1.4929  +0.2076  +1.5234  +0.2144  0.0312
   8.70 drone1  +1.5198  +0.2097  +1.5484  +0.2144  0.0289
   8.80 drone1  +1.5452  +0.2115  +1.5734  +0.2144  0.0284
   8.90 drone1  +1.5693  +0.2124  +1.5984  +0.2144  0.0292
   9.00 drone1  +1.5925  +0.2125  +1.6234  +0.2144  0.0310
   9.10 drone1  +1.6154  +0.2125  +1.6484  +0.2144  0.0331
   9.20 drone1  +1.6389  +0.2119  +1.6734  +0.2144  0.0346
   9.30 drone1  +1.6633  +0.2117  +1.6984  +0.2144  0.0351
   9.40 drone1  +1.6885  +0.2122  +1.7234  +0.2144  0.0349
   9.50 drone1  +1.7149  +0.2132  +1.7484  +0.2144  0.0335
   9.60 drone1  +1.7391  +0.2146  +1.7734  +0.2144  0.0343
   9.70 drone1  +1.7694  +0.2168  +1.7984  +0.2144  0.0291
   9.80 drone1  +1.7929  +0.2184  +1.8234  +0.2144  0.0307
   9.90 drone1  +1.8207  +0.2205  +1.8484  +0.2144  0.0283
  10.00 drone1  +1.8409  +0.2212  +1.8734  +0.2144  0.0332
  10.10 drone1  +1.8632  +0.2214  +1.8984  +0.2144  0.0359
  10.20 drone1  +1.8880  +0.2202  +1.9234  +0.2144  0.0358
  10.30 drone1  +1.9098  +0.2186  +1.9484  +0.2144  0.0388
  10.40 drone1  +1.9360  +0.2161  +1.9734  +0.2144  0.0374
  10.50 drone1  +1.9670  +0.2139  +1.9984  +0.2144  0.0314
  10.60 drone1  +1.9930  +0.2126  +2.0234  +0.2144  0.0305
  10.70 drone1  +2.0164  +0.2122  +2.0484  +0.2144  0.0321
  10.80 drone1  +2.0512  +0.2121  +2.0734  +0.2144  0.0223
  10.90 drone1  +2.0775  +0.2130  +2.0984  +0.2144  0.0210
  11.00 drone1  +2.1016  +0.2144  +2.1234  +0.2144  0.0218
  11.10 drone1  +2.1243  +0.2158  +2.1234  +0.2394  0.0236
  11.20 drone1  +2.1455  +0.2162  +2.1234  +0.2644  0.0530
  11.30 drone1  +2.1632  +0.2208  +2.1234  +0.2894  0.0793
  11.40 drone1  +2.1729  +0.2359  +2.1234  +0.3144  0.0928
  11.50 drone1  +2.1730  +0.2608  +2.1234  +0.3394  0.0930
  11.60 drone1  +2.1653  +0.2925  +2.1234  +0.3644  0.0832
  11.70 drone1  +2.1538  +0.3275  +2.1234  +0.3894  0.0689
  11.80 drone1  +2.1412  +0.3630  +2.1234  +0.4144  0.0544
  11.90 drone1  +2.1292  +0.3958  +2.1234  +0.4394  0.0439
  12.00 drone1  +2.1182  +0.4241  +2.1234  +0.4644  0.0406
  12.10 drone1  +2.1078  +0.4467  +2.1234  +0.4894  0.0454
  12.20 drone1  +2.1005  +0.4608  +2.1234  +0.5144  0.0583
  12.30 drone1  +2.0916  +0.4771  +2.1234  +0.5394  0.0700
  12.40 drone1  +2.0860  +0.4870  +2.1234  +0.5644  0.0859
  12.50 drone1  +2.0824  +0.5007  +2.1234  +0.5894  0.0977
  12.60 drone1  +2.0812  +0.5167  +2.1234  +0.6144  0.1064
  12.70 drone1  +2.0813  +0.5364  +2.1234  +0.6394  0.1112
  12.80 drone1  +2.0821  +0.5583  +2.1234  +0.6644  0.1138
  12.90 drone1  +2.0825  +0.5816  +2.1234  +0.6894  0.1152
  13.00 drone1  +2.0831  +0.6054  +2.1234  +0.7144  0.1161
  13.10 drone1  +2.0838  +0.6196  +2.1234  +0.7394  0.1262
  13.20 drone1  +2.0834  +0.6538  +2.1234  +0.7644  0.1176
  13.30 drone1  +2.0825  +0.6783  +2.1234  +0.7894  0.1184
  13.40 drone1  +2.0814  +0.7108  +2.1234  +0.8144  0.1118
  13.50 drone1  +2.0804  +0.7422  +2.1234  +0.8394  0.1063
  13.60 drone1  +2.0787  +0.7739  +2.1234  +0.8644  0.1009
  13.70 drone1  +2.0765  +0.7992  +2.1234  +0.8894  0.1017
  13.80 drone1  +2.0741  +0.8349  +2.1234  +0.9144  0.0935
  13.90 drone1  +2.0735  +0.8629  +2.1234  +0.9394  0.0913
  14.00 drone1  +2.0733  +0.8901  +2.1234  +0.9644  0.0896
  14.10 drone1  +2.0777  +0.9118  +2.1234  +0.9894  0.0900
  14.20 drone1  +2.0775  +0.9338  +2.1234  +1.0144  0.0927
  14.30 drone1  +2.0759  +0.9518  +2.1234  +1.0394  0.0996
  14.40 drone1  +2.0702  +0.9504  +2.1234  +1.0644  0.1258
  14.50 drone1  +2.0559  +0.9361  +2.1234  +1.0894  0.1675
  14.60 drone1  +2.0429  +0.8900  +2.1234  +1.1144  0.2384
  14.70 drone1  +2.0387  +0.8671  +2.1234  +1.1394  0.2851
  14.80 drone1  +2.0433  +0.7750  +2.1234  +1.1644  0.3975
  14.90 drone1  +2.0725  +0.7346  +2.1234  +1.1894  0.4576
  15.00 drone1  +2.1199  +0.7157  +2.1234  +1.2144  0.4987
  15.10 drone1  +2.1738  +0.7179  +2.1234  +1.2394  0.5239
  15.20 drone1  +2.2222  +0.7375  +2.1234  +1.2644  0.5361
  15.30 drone1  +2.2598  +0.7722  +2.1234  +1.2894  0.5349
  15.40 drone1  +2.2822  +0.8198  +2.1234  +1.3144  0.5194
  15.50 drone1  +2.2908  +0.8783  +2.1234  +1.3394  0.4905
  15.60 drone1  +2.2830  +0.9428  +2.1234  +1.3644  0.4508
  15.70 drone1  +2.2620  +1.0094  +2.1234  +1.3894  0.4045
  15.80 drone1  +2.2362  +1.0705  +2.1234  +1.4144  0.3618
  15.90 drone1  +2.2012  +1.1331  +2.1234  +1.4394  0.3160
  16.00 drone1  +2.1600  +1.1928  +2.1234  +1.4644  0.2740
  16.10 drone1  +2.1185  +1.2315  +2.1234  +1.4894  0.2579
  16.20 drone1  +2.0803  +1.2541  +2.1234  +1.5144  0.2638
  16.30 drone1  +2.0518  +1.2576  +2.1234  +1.5394  0.2908
  16.40 drone1  +2.0285  +1.2596  +2.1234  +1.5644  0.3192
  16.50 drone1  +2.0105  +1.2615  +2.1234  +1.5894  0.3467
  16.60 drone1  +1.9999  +1.2458  +2.1234  +1.6144  0.3887
  16.70 drone1  +1.9925  +1.2227  +2.1234  +1.6394  0.4368
  16.80 drone1  +1.9934  +1.1853  +2.1234  +1.6644  0.4964
  16.90 drone1  +1.9968  +1.1676  +2.1234  +1.6894  0.5369
  17.00 drone1  +2.0082  +1.1493  +2.1234  +1.7144  0.5767
  17.10 drone1  +2.0203  +1.1364  +2.1234  +1.7394  0.6118
  17.20 drone1  +2.0328  +1.1295  +2.1234  +1.7644  0.6413
  17.30 drone1  +2.0514  +1.1275  +2.1234  +1.7894  0.6658
