# Square flight log. Positions in metres, time in seconds
# since the algorithm started (motion begins at start_delay).
# t drone_id x y target_x target_y error
   0.10 drone1  +0.0566  -0.0517  +0.0566  -0.0517  0.0000
   0.20 drone1  +0.0509  -0.0506  +0.0566  -0.0517  0.0058
   0.30 drone1  +0.0472  -0.0497  +0.0566  -0.0517  0.0096
   0.40 drone1  +0.0448  -0.0494  +0.0566  -0.0517  0.0121
   0.50 drone1  +0.0436  -0.0494  +0.0566  -0.0517  0.0132
   0.60 drone1  +0.0439  -0.0492  +0.0566  -0.0517  0.0130
   0.70 drone1  +0.0438  -0.0483  +0.0566  -0.0517  0.0132
   0.80 drone1  +0.0429  -0.0462  +0.0566  -0.0517  0.0148
   0.90 drone1  +0.0411  -0.0443  +0.0566  -0.0517  0.0172
   1.00 drone1  +0.0381  -0.0426  +0.0566  -0.0517  0.0206
   1.10 drone1  +0.0331  -0.0406  +0.0566  -0.0517  0.0260
   1.20 drone1  +0.0276  -0.0387  +0.0566  -0.0517  0.0317
   1.30 drone1  +0.0222  -0.0364  +0.0566  -0.0517  0.0377
   1.40 drone1  +0.0179  -0.0333  +0.0566  -0.0517  0.0429
   1.50 drone1  +0.0140  -0.0305  +0.0566  -0.0517  0.0476
   1.60 drone1  +0.0135  -0.0289  +0.0566  -0.0517  0.0488
   1.70 drone1  +0.0121  -0.0270  +0.0566  -0.0517  0.0509
   1.80 drone1  +0.0120  -0.0266  +0.0566  -0.0517  0.0512
   1.90 drone1  +0.0126  -0.0265  +0.0566  -0.0517  0.0507
   2.00 drone1  +0.0128  -0.0273  +0.0566  -0.0517  0.0501
   2.10 drone1  +0.0133  -0.0277  +0.0566  -0.0517  0.0495
   2.20 drone1  +0.0137  -0.0279  +0.0566  -0.0517  0.0490
   2.30 drone1  +0.0141  -0.0277  +0.0566  -0.0517  0.0488
   2.40 drone1  +0.0141  -0.0270  +0.0566  -0.0517  0.0491
   2.50 drone1  +0.0141  -0.0253  +0.0566  -0.0517  0.0500
   2.60 drone1  +0.0140  -0.0242  +0.0566  -0.0517  0.0507
   2.70 drone1  +0.0135  -0.0231  +0.0566  -0.0517  0.0517
   2.80 drone1  +0.0125  -0.0224  +0.0566  -0.0517  0.0529
   2.90 drone1  +0.0111  -0.0219  +0.0566  -0.0517  0.0544
   3.00 drone1  +0.0098  -0.0224  +0.0566  -0.0517  0.0552
   3.10 drone1  +0.0088  -0.0253  +0.0716  -0.0517  0.0681
   3.20 drone1  +0.0121  -0.0310  +0.0866  -0.0517  0.0773
   3.30 drone1  +0.0225  -0.0410  +0.1016  -0.0517  0.0798
   3.40 drone1  +0.0411  -0.0520  +0.1166  -0.0517  0.0756
   3.50 drone1  +0.0645  -0.0627  +0.1316  -0.0517  0.0680
   3.60 drone1  +0.0892  -0.0709  +0.1466  -0.0517  0.0605
   3.70 drone1  +0.1141  -0.0761  +0.1616  -0.0517  0.0534
   3.80 drone1  +0.1370  -0.0785  +0.1766  -0.0517  0.0478
   3.90 drone1  +0.1574  -0.0786  +0.1916  -0.0517  0.0435
   4.00 drone1  +0.1771  -0.0785  +0.2066  -0.0517  0.0399
   4.10 drone1  +0.1939  -0.0771  +0.2216  -0.0517  0.0376
   4.20 drone1  +0.2097  -0.0759  +0.2366  -0.0517  0.0362
   4.30 drone1  +0.2244  -0.0752  +0.2516  -0.0517  0.0360
   4.40 drone1  +0.2397  -0.0742  +0.2666  -0.0517  0.0350
   4.50 drone1  +0.2551  -0.0742  +0.2816  -0.0517  0.0348
   4.60 drone1  +0.2713  -0.0739  +0.2966  -0.0517  0.0337
   4.70 drone1  +0.2878  -0.0750  +0.3116  -0.0517  0.0333
   4.80 drone1  +0.3055  -0.0759  +0.3266  -0.0517  0.0322
   4.90 drone1  +0.3233  -0.0771  +0.3416  -0.0517  0.0313
   5.00 drone1  +0.3415  -0.0785  +0.3566  -0.0517  0.0308
   5.10 drone1  +0.3584  -0.0791  +0.3716  -0.0517  0.0304
   5.20 drone1  +0.3756  -0.0790  +0.3866  -0.0517  0.0295
   5.30 drone1  +0.3917  -0.0780  +0.4016  -0.0517  0.0281
   5.40 drone1  +0.4072  -0.0760  +0.4166  -0.0517  0.0261
   5.50 drone1  +0.4213  -0.0738  +0.4316  -0.0517  0.0244
   5.60 drone1  +0.4346  -0.0711  +0.4466  -0.0517  0.0229
   5.70 drone1  +0.4487  -0.0672  +0.4616  -0.0517  0.0202
   5.80 drone1  +0.4625  -0.0634  +0.4766  -0.0517  0.0183
   5.90 drone1  +0.4770  -0.0597  +0.4916  -0.0517  0.0167
   6.00 drone1  +0.4912  -0.0570  +0.5066  -0.0517  0.0163
   6.10 drone1  +0.5052  -0.0560  +0.5216  -0.0517  0.0170
   6.20 drone1  +0.5194  -0.0557  +0.5366  -0.0517  0.0177
   6.30 drone1  +0.5338  -0.0574  +0.5516  -0.0517  0.0187
   6.40 drone1  +0.5499  -0.0594  +0.5566  -0.0417  0.0190
   6.50 drone1  +0.5667  -0.0629  +0.5566  -0.0267  0.0376
   6.60 drone1  +0.5845  -0.0663  +0.5566  -0.0117  0.0613
   6.70 drone1  +0.5994  -0.0649  +0.5566  +0.0033  0.0806
   6.80 drone1  +0.6078  -0.0557  +0.5566  +0.0183  0.0900
   6.90 drone1  +0.6084  -0.0379  +0.5566  +0.0333  0.0880
   7.00 drone1  +0.6040  -0.0153  +0.5566  +0.0483  0.0794
   7.10 drone1  +0.5970  +0.0093  +0.5566  +0.0633  0.0674
   7.20 drone1  +0.5897  +0.0325  +0.5566  +0.0783  0.0565
   7.30 drone1  +0.5831  +0.0529  +0.5566  +0.0933  0.0483
   7.40 drone1  +0.5780  +0.0702  +0.5566  +0.1083  0.0437
   7.50 drone1  +0.5752  +0.0845  +0.5566  +0.1233  0.0430
   7.60 drone1  +0.5716  +0.0968  +0.5566  +0.1383  0.0441
   7.70 drone1  +0.5690  +0.1097  +0.5566  +0.1533  0.0454
   7.80 drone1  +0.5659  +0.1226  +0.5566  +0.1683  0.0467
   7.90 drone1  +0.5629  +0.1366  +0.5566  +0.1833  0.0472
   8.00 drone1  +0.5599  +0.1510  +0.5566  +0.1983  0.0475
   8.10 drone1  +0.5571  +0.1657  +0.5566  +0.2133  0.0476
   8.20 drone1  +0.5541  +0.1798  +0.5566  +0.2283  0.0485
   8.30 drone1  +0.5519  +0.1937  +0.5566  +0.2433  0.0498
   8.40 drone1  +0.5496  +0.2075  +0.5566  +0.2583  0.0513
   8.50 drone1  +0.5482  +0.2209  +0.5566  +0.2733  0.0531
   8.60 drone1  +0.5456  +0.2346  +0.5566  +0.2883  0.0548
   8.70 drone1  +0.5435  +0.2491  +0.5566  +0.3033  0.0558
   8.80 drone1  +0.5411  +0.2640  +0.5566  +0.3183  0.0565
   8.90 drone1  +0.5398  +0.2722  +0.5566  +0.3333  0.0634
   9.00 drone1  +0.5357  +0.2964  +0.5566  +0.3483  0.0559
   9.10 drone1  +0.5337  +0.3135  +0.5566  +0.3633  0.0548
   9.20 drone1  +0.5332  +0.3336  +0.5566  +0.3783  0.0505
   9.30 drone1  +0.5325  +0.3548  +0.5566  +0.3933  0.0455
   9.40 drone1  +0.5312  +0.3760  +0.5566  +0.4083  0.0411
   9.50 drone1  +0.5289  +0.3965  +0.5566  +0.4233  0.0385
   9.60 drone1  +0.5266  +0.4154  +0.5566  +0.4383  0.0378
   9.70 drone1  +0.5247  +0.4325  +0.5516  +0.4483  0.0312
   9.80 drone1  +0.5209  +0.4479  +0.5366  +0.4483  0.0157
   9.90 drone1  +0.5165  +0.4605  +0.5216  +0.4483  0.0132
  10.00 drone1  +0.5074  +0.4681  +0.5066  +0.4483  0.0198
  10.10 drone1  +0.4934  +0.4692  +0.4916  +0.4483  0.0209
  10.20 drone1  +0.4764  +0.4663  +0.4766  +0.4483  0.0179
  10.30 drone1  +0.4590  +0.4616  +0.4616  +0.4483  0.0135
  10.40 drone1  +0.4416  +0.4571  +0.4466  +0.4483  0.0101
  10.50 drone1  +0.4248  +0.4528  +0.4316  +0.4483  0.0081
  10.60 drone1  +0.4084  +0.4495  +0.4166  +0.4483  0.0083
  10.70 drone1  +0.3956  +0.4497  +0.4016  +0.4483  0.0062
  10.80 drone1  +0.3819  +0.4493  +0.3866  +0.4483  0.0048
  10.90 drone1  +0.3685  +0.4503  +0.3716  +0.4483  0.0037
  11.00 drone1  +0.3550  +0.4499  +0.3566  +0.4483  0.0022
  11.10 drone1  +0.3418  +0.4504  +0.3416  +0.4483  0.0020
  11.20 drone1  +0.3288  +0.4501  +0.3266  +0.4483  0.0028
  11.30 drone1  +0.3157  +0.4490  +0.3116  +0.4483  0.0041
  11.40 drone1  +0.3012  +0.4470  +0.2966  +0.4483  0.0048
  11.50 drone1  +0.2879  +0.4455  +0.2816  +0.4483  0.0068
  11.60 drone1  +0.2736  +0.4448  +0.2666  +0.4483  0.0078
  11.70 drone1  +0.2587  +0.4451  +0.2516  +0.4483  0.0078
  11.80 drone1  +0.2428  +0.4460  +0.2366  +0.4483  0.0066
  11.90 drone1  +0.2261  +0.4462  +0.2216  +0.4483  0.0050
  12.00 drone1  +0.2097  +0.4480  +0.2066  +0.4483  0.0031
  12.10 drone1  +0.1938  +0.4508  +0.1916  +0.4483  0.0033
  12.20 drone1  +0.1784  +0.4534  +0.1766  +0.4483  0.0054
  12.30 drone1  +0.1656  +0.4549  +0.1616  +0.4483  0.0077
  12.40 drone1  +0.1533  +0.4551  +0.1466  +0.4483  0.0096
  12.50 drone1  +0.1415  +0.4541  +0.1316  +0.4483  0.0115
  12.60 drone1  +0.1290  +0.4518  +0.1166  +0.4483  0.0128
  12.70 drone1  +0.1153  +0.4488  +0.1016  +0.4483  0.0137
  12.80 drone1  +0.1005  +0.4461  +0.0866  +0.4483  0.0140
  12.90 drone1  +0.0846  +0.4441  +0.0716  +0.4483  0.0137
  13.00 drone1  +0.0685  +0.4437  +0.0566  +0.4483  0.0127
  13.10 drone1  +0.0527  +0.4450  +0.0566  +0.4333  0.0123
  13.20 drone1  +0.0371  +0.4462  +0.0566  +0.4183  0.0340
  13.30 drone1  +0.0258  +0.4443  +0.0566  +0.4033  0.0513
  13.40 drone1  +0.0215  +0.4364  +0.0566  +0.3883  0.0596
  13.50 drone1  +0.0233  +0.4217  +0.0566  +0.3733  0.0587
  13.60 drone1  +0.0305  +0.4018  +0.0566  +0.3583  0.0507
  13.70 drone1  +0.0397  +0.3809  +0.0566  +0.3433  0.0412
  13.80 drone1  +0.0484  +0.3589  +0.0566  +0.3283  0.0317
  13.90 drone1  +0.0541  +0.3374  +0.0566  +0.3133  0.0242
  14.00 drone1  +0.0578  +0.3182  +0.0566  +0.2983  0.0199
  14.10 drone1  +0.0585  +0.3002  +0.0566  +0.2833  0.0170
  14.20 drone1  +0.0582  +0.2832  +0.0566  +0.2683  0.0149
  14.30 drone1  +0.0571  +0.2664  +0.0566  +0.2533  0.0130
  14.40 drone1  +0.0559  +0.2500  +0.0566  +0.2383  0.0117
  14.50 drone1  +0.0552  +0.2332  +0.0566  +0.2233  0.0100
  14.60 drone1  +0.0547  +0.2183  +0.0566  +0.2083  0.0101
  14.70 drone1  +0.0545  +0.2034  +0.0566  +0.1933  0.0103
  14.80 drone1  +0.0540  +0.1897  +0.0566  +0.1783  0.0116
  14.90 drone1  +0.0533  +0.1759  +0.0566  +0.1633  0.0130
  15.00 drone1  +0.0518  +0.1614  +0.0566  +0.1483  0.0139
  15.10 drone1  +0.0516  +0.1460  +0.0566  +0.1333  0.0137
  15.20 drone1  +0.0515  +0.1309  +0.0566  +0.1183  0.0136
  15.30 drone1  +0.0517  +0.1151  +0.0566  +0.1033  0.0127
  15.40 drone1  +0.0526  +0.0996  +0.0566  +0.0883  0.0120
  15.50 drone1  +0.0541  +0.0843  +0.0566  +0.0733  0.0113
  15.60 drone1  +0.0561  +0.0682  +0.0566  +0.0583  0.0099
  15.70 drone1  +0.0575  +0.0530  +0.0566  +0.0433  0.0097
  15.80 drone1  +0.0594  +0.0377  +0.0566  +0.0283  0.0098
  15.90 drone1  +0.0612  +0.0196  +0.0566  +0.0133  0.0077
  16.00 drone1  +0.0632  -0.0000  +0.0566  -0.0017  0.0068
  16.10 drone1  +0.0652  -0.0199  +0.0566  -0.0167  0.0092
  16.20 drone1  +0.0668  -0.0392  +0.0566  -0.0317  0.0127
  16.30 drone1  +0.0677  -0.0581  +0.0566  -0.0467  0.0159
  16.40 drone1  +0.0679  -0.0754  +0.0666  -0.0517  0.0238
  16.50 drone1  +0.0676  -0.0914  +0.0816  -0.0517  0.0421
  16.60 drone1  +0.0689  -0.1032  +0.0966  -0.0517  0.0585
  16.70 drone1  +0.0760  -0.1102  +0.1116  -0.0517  0.0685
  16.80 drone1  +0.0897  -0.1102  +0.1266  -0.0517  0.0692
  16.90 drone1  +0.1076  -0.1064  +0.1416  -0.0517  0.0644
  17.00 drone1  +0.1275  -0.0997  +0.1566  -0.0517  0.0561
  17.10 drone1  +0.1482  -0.0922  +0.1716  -0.0517  0.0468
  17.20 drone1  +0.1664  -0.0859  +0.1866  -0.0517  0.0397
  17.30 drone1  +0.1822  -0.0812  +0.2016  -0.0517  0.0354
  17.40 drone1  +0.1964  -0.0769  +0.2166  -0.0517  0.0323
  17.50 drone1  +0.2097  -0.0743  +0.2316  -0.0517  0.0315
  17.60 drone1  +0.2218  -0.0716  +0.2466  -0.0517  0.0318
  17.70 drone1  +0.2342  -0.0697  +0.2616  -0.0517  0.0328
  17.80 drone1  +0.2474  -0.0670  +0.2766  -0.0517  0.0330
  17.90 drone1  +0.2623  -0.0645  +0.2916  -0.0517  0.0320
  18.00 drone1  +0.2778  -0.0616  +0.3066  -0.0517  0.0304
  18.10 drone1  +0.2946  -0.0589  +0.3216  -0.0517  0.0279
  18.20 drone1  +0.3111  -0.0566  +0.3366  -0.0517  0.0260
  18.30 drone1  +0.3278  -0.0544  +0.3516  -0.0517  0.0239
  18.40 drone1  +0.3439  -0.0526  +0.3666  -0.0517  0.0228
  18.50 drone1  +0.3608  -0.0507  +0.3816  -0.0517  0.0209
  18.60 drone1  +0.3780  -0.0490  +0.3966  -0.0517  0.0188
  18.70 drone1  +0.3957  -0.0473  +0.4116  -0.0517  0.0165
  18.80 drone1  +0.4126  -0.0455  +0.4266  -0.0517  0.0153
  18.90 drone1  +0.4290  -0.0434  +0.4416  -0.0517  0.0151
  19.00 drone1  +0.4446  -0.0409  +0.4566  -0.0517  0.0161
  19.10 drone1  +0.4591  -0.0388  +0.4716  -0.0517  0.0180
  19.20 drone1  +0.4723  -0.0362  +0.4866  -0.0517  0.0211
  19.30 drone1  +0.4848  -0.0339  +0.5016  -0.0517  0.0244
  19.40 drone1  +0.4979  -0.0321  +0.5166  -0.0517  0.0271
  19.50 drone1  +0.5114  -0.0306  +0.5316  -0.0517  0.0293
  19.60 drone1  +0.5255  -0.0289  +0.5466  -0.0517  0.0311
  19.70 drone1  +0.5402  -0.0278  +0.5566  -0.0467  0.0250
  19.80 drone1  +0.5555  -0.0266  +0.5566  -0.0317  0.0052
  19.90 drone1  +0.5673  -0.0237  +0.5566  -0.0167  0.0128
  20.00 drone1  +0.5735  -0.0150  +0.5566  -0.0017  0.0215
  20.10 drone1  +0.5741  -0.0017  +0.5566  +0.0133  0.0231
  20.20 drone1  +0.5707  +0.0161  +0.5566  +0.0283  0.0186
  20.30 drone1  +0.5651  +0.0353  +0.5566  +0.0433  0.0117
  20.40 drone1  +0.5588  +0.0532  +0.5566  +0.0583  0.0056
  20.50 drone1  +0.5541  +0.0696  +0.5566  +0.0733  0.0045
  20.60 drone1  +0.5500  +0.0820  +0.5566  +0.0883  0.0091
  20.70 drone1  +0.5476  +0.0921  +0.5566  +0.1033  0.0144
  20.80 drone1  +0.5450  +0.1010  +0.5566  +0.1183  0.0209
  20.90 drone1  +0.5425  +0.1099  +0.5566  +0.1333  0.0274
  21.00 drone1  +0.5399  +0.1205  +0.5566  +0.1483  0.0325
  21.10 drone1  +0.5379  +0.1321  +0.5566  +0.1633  0.0364
  21.20 drone1  +0.5356  +0.1445  +0.5566  +0.1783  0.0398
  21.30 drone1  +0.5343  +0.1583  +0.5566  +0.1933  0.0415
  21.40 drone1  +0.5337  +0.1721  +0.5566  +0.2083  0.0429
  21.50 drone1  +0.5342  +0.1856  +0.5566  +0.2233  0.0439
  21.60 drone1  +0.5346  +0.1985  +0.5566  +0.2383  0.0455
  21.70 drone1  +0.5354  +0.2108  +0.5566  +0.2533  0.0475
  21.80 drone1  +0.5366  +0.2223  +0.5566  +0.2683  0.0502
  21.90 drone1  +0.5381  +0.2343  +0.5566  +0.2833  0.0524
  22.00 drone1  +0.5393  +0.2465  +0.5566  +0.2983  0.0547
  22.10 drone1  +0.5408  +0.2596  +0.5566  +0.3133  0.0560
  22.20 drone1  +0.5427  +0.2741  +0.5566  +0.3283  0.0560
  22.30 drone1  +0.5444  +0.2895  +0.5566  +0.3433  0.0552
  22.40 drone1  +0.5453  +0.3062  +0.5566  +0.3583  0.0533
  22.50 drone1  +0.5448  +0.3242  +0.5566  +0.3733  0.0505
  22.60 drone1  +0.5449  +0.3443  +0.5566  +0.3883  0.0456
  22.70 drone1  +0.5449  +0.3650  +0.5566  +0.4033  0.0401
  22.80 drone1  +0.5442  +0.3851  +0.5566  +0.4183  0.0354
  22.90 drone1  +0.5459  +0.4048  +0.5566  +0.4333  0.0305
  23.00 drone1  +0.5477  +0.4220  +0.5566  +0.4483  0.0278
  23.10 drone1  +0.5495  +0.4373  +0.5416  +0.4483  0.0136
  23.20 drone1  +0.5498  +0.4492  +0.5266  +0.4483  0.0232
  23.30 drone1  +0.5444  +0.4569  +0.5116  +0.4483  0.0339
  23.40 drone1  +0.5331  +0.4600  +0.4966  +0.4483  0.0383
  23.50 drone1  +0.5160  +0.4590  +0.4816  +0.4483  0.0360
  23.60 drone1  +0.4966  +0.4580  +0.4666  +0.4483  0.0315
  23.70 drone1  +0.4767  +0.4575  +0.4516  +0.4483  0.0267
  23.80 drone1  +0.4569  +0.4586  +0.4366  +0.4483  0.0227
  23.90 drone1  +0.4394  +0.4614  +0.4216  +0.4483  0.0221
  24.00 drone1  +0.4232  +0.4657  +0.4066  +0.4483  0.0240
  24.10 drone1  +0.4078  +0.4706  +0.3916  +0.4483  0.0276
  24.20 drone1  +0.3932  +0.4759  +0.3766  +0.4483  0.0322
  24.30 drone1  +0.3794  +0.4800  +0.3616  +0.4483  0.0363
  24.40 drone1  +0.3641  +0.4827  +0.3466  +0.4483  0.0385
  24.50 drone1  +0.3472  +0.4807  +0.3316  +0.4483  0.0359
  24.60 drone1  +0.3306  +0.4790  +0.3166  +0.4483  0.0337
  24.70 drone1  +0.3142  +0.4752  +0.3016  +0.4483  0.0297
  24.80 drone1  +0.2982  +0.4722  +0.2866  +0.4483  0.0266
  24.90 drone1  +0.2843  +0.4696  +0.2716  +0.4483  0.0248
  25.00 drone1  +0.2708  +0.4667  +0.2566  +0.4483  0.0233
  25.10 drone1  +0.2571  +0.4627  +0.2416  +0.4483  0.0211
  25.20 drone1  +0.2436  +0.4572  +0.2266  +0.4483  0.0191
  25.30 drone1  +0.2307  +0.4515  +0.2116  +0.4483  0.0194
  25.40 drone1  +0.2166  +0.4471  +0.1966  +0.4483  0.0201
  25.50 drone1  +0.2013  +0.4419  +0.1816  +0.4483  0.0207
  25.60 drone1  +0.1850  +0.4386  +0.1666  +0.4483  0.0207
  25.70 drone1  +0.1687  +0.4347  +0.1516  +0.4483  0.0218
  25.80 drone1  +0.1533  +0.4319  +0.1366  +0.4483  0.0234
  25.90 drone1  +0.1389  +0.4295  +0.1216  +0.4483  0.0256
  26.00 drone1  +0.1253  +0.4262  +0.1066  +0.4483  0.0290
  26.10 drone1  +0.1120  +0.4238  +0.0916  +0.4483  0.0319
  26.20 drone1  +0.0988  +0.4222  +0.0766  +0.4483  0.0343
  26.30 drone1  +0.0856  +0.4214  +0.0616  +0.4483  0.0361
  26.40 drone1  +0.0722  +0.4220  +0.0566  +0.4383  0.0226
  26.50 drone1  +0.0591  +0.4237  +0.0566  +0.4233  0.0025
  26.60 drone1  +0.0477  +0.4240  +0.0566  +0.4083  0.0180
  26.70 drone1  +0.0414  +0.4208  +0.0566  +0.3933  0.0314
  26.80 drone1  +0.0408  +0.4142  +0.0566  +0.3783  0.0392
  26.90 drone1  +0.0448  +0.4017  +0.0566  +0.3633  0.0401
  27.00 drone1  +0.0507  +0.3867  +0.0566  +0.3483  0.0388
  27.10 drone1  +0.0568  +0.3688  +0.0566  +0.3333  0.0355
  27.20 drone1  +0.0621  +0.3490  +0.0566  +0.3183  0.0312
  27.30 drone1  +0.0661  +0.3292  +0.0566  +0.3033  0.0276
  27.40 drone1  +0.0687  +0.3097  +0.0566  +0.2883  0.0245
  27.50 drone1  +0.0706  +0.2914  +0.0566  +0.2733  0.0229
  27.60 drone1  +0.0726  +0.2735  +0.0566  +0.2583  0.0220
  27.70 drone1  +0.0744  +0.2569  +0.0566  +0.2433  0.0224
  27.80 drone1  +0.0764  +0.2403  +0.0566  +0.2283  0.0231
