# Square flight log. Positions in metres, time in seconds
# since the algorithm started (motion begins at start_delay).
# t drone_id x y target_x target_y error
   0.10 drone1  -1.0356  -0.9676  -1.0356  -0.9676  0.0000
   0.20 drone1  -1.0356  -0.9677  -1.0356  -0.9676  0.0001
   0.30 drone1  -1.0352  -0.9679  -1.0356  -0.9676  0.0005
   0.40 drone1  -1.0355  -0.9676  -1.0356  -0.9676  0.0001
   0.50 drone1  -1.0356  -0.9676  -1.0356  -0.9676  0.0000
   0.60 drone1  -1.0358  -0.9677  -1.0356  -0.9676  0.0002
   0.70 drone1  -1.0356  -0.9676  -1.0356  -0.9676  0.0000
   0.80 drone1  -1.0353  -0.9677  -1.0356  -0.9676  0.0003
   0.90 drone1  -1.0356  -0.9676  -1.0356  -0.9676  0.0001
   1.00 drone1  -1.0356  -0.9676  -1.0356  -0.9676  0.0000
   1.10 drone1  -1.0356  -0.9677  -1.0356  -0.9676  0.0001
   1.20 drone1  -1.0353  -0.9677  -1.0356  -0.9676  0.0002
   1.30 drone1  -1.0356  -0.9676  -1.0356  -0.9676  0.0000
   1.40 drone1  -1.0356  -0.9676  -1.0356  -0.9676  0.0000
   1.50 drone1  -1.0353  -0.9677  -1.0356  -0.9676  0.0003
   1.60 drone1  -1.0354  -0.9677  -1.0356  -0.9676  0.0002
   1.70 drone1  -1.0356  -0.9675  -1.0356  -0.9676  0.0001
   1.80 drone1  -1.0355  -0.9676  -1.0356  -0.9676  0.0000
   1.90 drone1  -1.0356  -0.9676  -1.0356  -0.9676  0.0001
   2.00 drone1  -1.0356  -0.9676  -1.0356  -0.9676  0.0001
   2.10 drone1  -1.0355  -0.9676  -1.0356  -0.9676  0.0001
   2.20 drone1  -1.0356  -0.9678  -1.0356  -0.9676  0.0002
   2.30 drone1  -1.0355  -0.9676  -1.0356  -0.9676  0.0001
   2.40 drone1  -1.0356  -0.9676  -1.0356  -0.9676  0.0001
   2.50 drone1  -1.0356  -0.9676  -1.0356  -0.9676  0.0000
   2.60 drone1  -1.0356  -0.9677  -1.0356  -0.9676  0.0001
   2.70 drone1  -1.0354  -0.9677  -1.0356  -0.9676  0.0002
   2.80 drone1  -1.0353  -0.9678  -1.0356  -0.9676  0.0004
   2.90 drone1  -1.0353  -0.9679  -1.0356  -0.9676  0.0004
   3.00 drone1  -1.0356  -0.9676  -1.0356  -0.9676  0.0001
   3.10 drone1  -1.0356  -0.9675  -1.0206  -0.9676  0.0151
   3.20 drone1  -1.0352  -0.9680  -1.0056  -0.9676  0.0296
   3.30 drone1  -1.0356  -0.9674  -0.9906  -0.9676  0.0451
   3.40 drone1  -1.0356  -0.9676  -0.9756  -0.9676  0.0600
   3.50 drone1  -1.0356  -0.9676  -0.9606  -0.9676  0.0750
   3.60 drone1  -1.0353  -0.9676  -0.9456  -0.9676  0.0897
   3.70 drone1  -1.0356  -0.9675  -0.9306  -0.9676  0.1051
   3.80 drone1  -1.0355  -0.9676  -0.9156  -0.9676  0.1199
   3.90 drone1  -1.0355  -0.9678  -0.9006  -0.9676  0.1350
   4.00 drone1  -1.0356  -0.9675  -0.8856  -0.9676  0.1500
   4.10 drone1  -1.0356  -0.9676  -0.8706  -0.9676  0.1650
   4.20 drone1  -1.0354  -0.9677  -0.8556  -0.9676  0.1798
   4.30 drone1  -1.0354  -0.9677  -0.8406  -0.9676  0.1948
   4.40 drone1  -1.0353  -0.9678  -0.8256  -0.9673  0.2097
   4.50 drone1  -1.0357  -0.9675  -0.8107  -0.9655  0.2250
   4.60 drone1  -1.0356  -0.9676  -0.7960  -0.9623  0.2396
   4.70 drone1  -1.0355  -0.9676  -0.7818  -0.9576  0.2539
   4.80 drone1  -1.0356  -0.9676  -0.7681  -0.9516  0.2680
   4.90 drone1  -1.0356  -0.9676  -0.7550  -0.9442  0.2815
   5.00 drone1  -1.0356  -0.9675  -0.7428  -0.9355  0.2945
   5.10 drone1  -1.0356  -0.9675  -0.7315  -0.9256  0.3070
   5.20 drone1  -1.0353  -0.9677  -0.7212  -0.9147  0.3185
   5.30 drone1  -1.0355  -0.9676  -0.7121  -0.9028  0.3298
   5.40 drone1  -1.0356  -0.9676  -0.7042  -0.8901  0.3403
   5.50 drone1  -1.0356  -0.9676  -0.6976  -0.8766  0.3500
   5.60 drone1  -1.0353  -0.9677  -0.6924  -0.8625  0.3586
   5.70 drone1  -1.0356  -0.9675  -0.6887  -0.8480  0.3669
   5.80 drone1  -1.0356  -0.9675  -0.6864  -0.8332  0.3742
   5.90 drone1  -1.0356  -0.9676  -0.6856  -0.8182  0.3806
   6.00 drone1  -1.0352  -0.9677  -0.6856  -0.8032  0.3864
   6.10 drone1  -1.0356  -0.9675  -0.6856  -0.7882  0.3933
   6.20 drone1  -1.0356  -0.9676  -0.6856  -0.7732  0.4004
   6.30 drone1  -1.0355  -0.9677  -0.6856  -0.7582  0.4079
   6.40 drone1  -1.0356  -0.9676  -0.6856  -0.7432  0.4157
   6.50 drone1  -1.0355  -0.9676  -0.6856  -0.7282  0.4240
   6.60 drone1  -1.0352  -0.9677  -0.6856  -0.7132  0.4325
   6.70 drone1  -1.0355  -0.9675  -0.6856  -0.6982  0.4416
   6.80 drone1  -1.0356  -0.9677  -0.6856  -0.6832  0.4510
   6.90 drone1  -1.0355  -0.9675  -0.6856  -0.6682  0.4605
   7.00 drone1  -1.0355  -0.9677  -0.6856  -0.6532  0.4705
   7.10 drone1  -1.0356  -0.9676  -0.6856  -0.6382  0.4806
   7.20 drone1  -1.0356  -0.9675  -0.6856  -0.6232  0.4910
   7.30 drone1  -1.0356  -0.9676  -0.6859  -0.6082  0.5014
   7.40 drone1  -1.0356  -0.9675  -0.6875  -0.5933  0.5110
   7.50 drone1  -1.0356  -0.9676  -0.6907  -0.5787  0.5198
   7.60 drone1  -1.0354  -0.9676  -0.6953  -0.5644  0.5275
   7.70 drone1  -1.0356  -0.9676  -0.7013  -0.5507  0.5344
   7.80 drone1  -1.0356  -0.9676  -0.7087  -0.5376  0.5401
   7.90 drone1  -1.0356  -0.9676  -0.7173  -0.5253  0.5449
   8.00 drone1  -1.0353  -0.9677  -0.7271  -0.5140  0.5485
   8.10 drone1  -1.0356  -0.9676  -0.7380  -0.5037  0.5512
   8.20 drone1  -1.0356  -0.9675  -0.7498  -0.4945  0.5527
   8.30 drone1  -1.0355  -0.9677  -0.7626  -0.4866  0.5531
   8.40 drone1  -1.0353  -0.9676  -0.7760  -0.4799  0.5523
   8.50 drone1  -1.0356  -0.9676  -0.7901  -0.4747  0.5507
   8.60 drone1  -1.0355  -0.9676  -0.8046  -0.4708  0.5478
   8.70 drone1  -1.0353  -0.9677  -0.8194  -0.4685  0.5439
   8.80 drone1  -1.0355  -0.9678  -0.8343  -0.4676  0.5392
   8.90 drone1  -1.0352  -0.9679  -0.8493  -0.4676  0.5337
   9.00 drone1  -1.0355  -0.9677  -0.8643  -0.4676  0.5286
   9.10 drone1  -1.0356  -0.9675  -0.8793  -0.4676  0.5238
   9.20 drone1  -1.0356  -0.9676  -0.8943  -0.4676  0.5195
   9.30 drone1  -1.0356  -0.9676  -0.9093  -0.4676  0.5157
   9.40 drone1  -1.0353  -0.9676  -0.9243  -0.4676  0.5122
   9.50 drone1  -1.0356  -0.9676  -0.9393  -0.4676  0.5092
   9.60 drone1  -1.0356  -0.9676  -0.9543  -0.4676  0.5066
   9.70 drone1  -1.0355  -0.9676  -0.9693  -0.4676  0.5043
   9.80 drone1  -1.0356  -0.9676  -0.9843  -0.4676  0.5026
   9.90 drone1  -1.0355  -0.9676  -0.9993  -0.4676  0.5013
  10.00 drone1  -1.0356  -0.9676  -1.0143  -0.4676  0.5005
  10.10 drone1  -1.0353  -0.9676  -1.0293  -0.4676  0.5001
  10.20 drone1  -1.0355  -0.9676  -1.0443  -0.4679  0.4998
  10.30 drone1  -1.0352  -0.9677  -1.0592  -0.4695  0.4988
  10.40 drone1  -1.0355  -0.9676  -1.0739  -0.4726  0.4965
  10.50 drone1  -1.0354  -0.9676  -1.0882  -0.4771  0.4933
  10.60 drone1  -1.0355  -0.9677  -1.1019  -0.4831  0.4891
  10.70 drone1  -1.0356  -0.9676  -1.1150  -0.4904  0.4838
  10.80 drone1  -1.0356  -0.9676  -1.1273  -0.4990  0.4775
  10.90 drone1  -1.0355  -0.9675  -1.1387  -0.5087  0.4703
  11.00 drone1  -1.0356  -0.9676  -1.1491  -0.5196  0.4622
  11.10 drone1  -1.0354  -0.9677  -1.1583  -0.5314  0.4533
  11.20 drone1  -1.0355  -0.9679  -1.1663  -0.5441  0.4435
  11.30 drone1  -1.0355  -0.9676  -1.1730  -0.5575  0.4325
  11.40 drone1  -1.0353  -0.9676  -1.1783  -0.5715  0.4212
  11.50 drone1  -1.0352  -0.9677  -1.1822  -0.5860  0.4090
  11.60 drone1  -1.0353  -0.9676  -1.1846  -0.6008  0.3961
  11.70 drone1  -1.0356  -0.9675  -1.1856  -0.6157  0.3824
  11.80 drone1  -1.0357  -0.9677  -1.1856  -0.6307  0.3688
  11.90 drone1  -1.0353  -0.9677  -1.1856  -0.6457  0.3553
  12.00 drone1  -1.0354  -0.9677  -1.1856  -0.6607  0.3417
  12.10 drone1  -1.0356  -0.9676  -1.1856  -0.6757  0.3281
  12.20 drone1  -1.0353  -0.9677  -1.1856  -0.6907  0.3151
  12.30 drone1  -1.0356  -0.9675  -1.1856  -0.7057  0.3017
  12.40 drone1  -1.0356  -0.9676  -1.1856  -0.7207  0.2888
  12.50 drone1  -1.0356  -0.9676  -1.1856  -0.7357  0.2761
  12.60 drone1  -1.0356  -0.9676  -1.1856  -0.7507  0.2637
  12.70 drone1  -1.0353  -0.9676  -1.1856  -0.7657  0.2517
  12.80 drone1  -1.0356  -0.9676  -1.1856  -0.7807  0.2396
  12.90 drone1  -1.0356  -0.9676  -1.1856  -0.7957  0.2281
  13.00 drone1  -1.0356  -0.9676  -1.1856  -0.8107  0.2170
  13.10 drone1  -1.0356  -0.9675  -1.1853  -0.8257  0.2062
  13.20 drone1  -1.0356  -0.9676  -1.1838  -0.8406  0.1951
  13.30 drone1  -1.0357  -0.9675  -1.1807  -0.8553  0.1834
  13.40 drone1  -1.0356  -0.9676  -1.1762  -0.8696  0.1714
  13.50 drone1  -1.0356  -0.9676  -1.1704  -0.8834  0.1588
  13.60 drone1  -1.0356  -0.9676  -1.1631  -0.8965  0.1460
  13.70 drone1  -1.0352  -0.9676  -1.1546  -0.9089  0.1330
  13.80 drone1  -1.0356  -0.9676  -1.1449  -0.9203  0.1191
  13.90 drone1  -1.0353  -0.9677  -1.1341  -0.9307  0.1055
  14.00 drone1  -1.0356  -0.9676  -1.1223  -0.9400  0.0910
  14.10 drone1  -1.0356  -0.9676  -1.1096  -0.9480  0.0766
  14.20 drone1  -1.0356  -0.9676  -1.0963  -0.9548  0.0620
  14.30 drone1  -1.0353  -0.9677  -1.0823  -0.9601  0.0476
  14.40 drone1  -1.0356  -0.9676  -1.0678  -0.9641  0.0324
  14.50 drone1  -1.0355  -0.9678  -1.0530  -0.9666  0.0176
  14.60 drone1  -1.0355  -0.9676  -1.0380  -0.9676  0.0026
  14.70 drone1  -1.0356  -0.9676  -1.0230  -0.9676  0.0126
  14.80 drone1  -1.0356  -0.9675  -1.0080  -0.9676  0.0276
  14.90 drone1  -1.0355  -0.9677  -0.9930  -0.9676  0.0425
  15.00 drone1  -1.0356  -0.9675  -0.9780  -0.9676  0.0576
  15.10 drone1  -1.0357  -0.9675  -0.9630  -0.9676  0.0726
  15.20 drone1  -1.0356  -0.9676  -0.9480  -0.9676  0.0876
  15.30 drone1  -1.0354  -0.9677  -0.9330  -0.9676  0.1023
  15.40 drone1  -1.0356  -0.9676  -0.9180  -0.9676  0.1175
  15.50 drone1  -1.0356  -0.9676  -0.9030  -0.9676  0.1325
  15.60 drone1  -1.0356  -0.9676  -0.8880  -0.9676  0.1475
  15.70 drone1  -1.0356  -0.9676  -0.8730  -0.9676  0.1625
  15.80 drone1  -1.0353  -0.9676  -0.8580  -0.9676  0.1772
  15.90 drone1  -1.0358  -0.9676  -0.8430  -0.9676  0.1927
  16.00 drone1  -1.0354  -0.9676  -0.8280  -0.9674  0.2074
  16.10 drone1  -1.0355  -0.9676  -0.8131  -0.9659  0.2223
  16.20 drone1  -1.0354  -0.9678  -0.7984  -0.9629  0.2371
