# Square flight log. Positions in metres, time in seconds
# since the algorithm started (motion begins at start_delay).
# t drone_id x y target_x target_y error
   0.10 drone1  -0.9965  -1.0013  -0.9965  -1.0013  0.0000
   0.20 drone1  -0.9965  -1.0013  -0.9965  -1.0013  0.0000
   0.30 drone1  -0.9965  -1.0013  -0.9965  -1.0013  0.0000
   0.40 drone1  -0.9965  -1.0013  -0.9965  -1.0013  0.0000
   0.50 drone1  -0.9965  -1.0013  -0.9965  -1.0013  0.0000
   0.60 drone1  -0.9969  -1.0012  -0.9965  -1.0013  0.0004
   0.70 drone1  -0.9969  -1.0015  -0.9965  -1.0013  0.0004
   0.80 drone1  -0.9964  -1.0032  -0.9965  -1.0013  0.0019
   0.90 drone1  -0.9963  -1.0049  -0.9965  -1.0013  0.0036
   1.00 drone1  -0.9947  -1.0084  -0.9965  -1.0013  0.0073
   1.10 drone1  -0.9932  -1.0137  -0.9965  -1.0013  0.0128
   1.20 drone1  -0.9889  -1.0229  -0.9965  -1.0013  0.0229
   1.30 drone1  -0.9801  -1.0362  -0.9965  -1.0013  0.0385
   1.40 drone1  -0.9673  -1.0526  -0.9965  -1.0013  0.0591
   1.50 drone1  -0.9526  -1.0693  -0.9965  -1.0013  0.0809
   1.60 drone1  -0.9379  -1.0836  -0.9965  -1.0013  0.1011
   1.70 drone1  -0.9233  -1.0950  -0.9965  -1.0013  0.1189
   1.80 drone1  -0.9097  -1.1019  -0.9965  -1.0013  0.1328
   1.90 drone1  -0.8964  -1.1062  -0.9965  -1.0013  0.1450
   2.00 drone1  -0.8834  -1.1081  -0.9965  -1.0013  0.1556
   2.10 drone1  -0.8733  -1.1096  -0.9965  -1.0013  0.1640
   2.20 drone1  -0.8665  -1.1102  -0.9965  -1.0013  0.1696
   2.30 drone1  -0.8627  -1.1109  -0.9965  -1.0013  0.1730
   2.40 drone1  -0.8619  -1.1121  -0.9965  -1.0013  0.1744
   2.50 drone1  -0.8648  -1.1135  -0.9965  -1.0013  0.1731
   2.60 drone1  -0.8703  -1.1160  -0.9965  -1.0013  0.1705
   2.70 drone1  -0.8778  -1.1179  -0.9965  -1.0013  0.1664
   2.80 drone1  -0.8850  -1.1197  -0.9965  -1.0013  0.1626
   2.90 drone1  -0.8922  -1.1206  -0.9965  -1.0013  0.1585
   3.00 drone1  -0.8999  -1.1213  -0.9965  -1.0013  0.1540
   3.10 drone1  -0.9073  -1.1210  -0.9715  -1.0013  0.1358
   3.20 drone1  -0.9139  -1.1197  -0.9465  -1.0013  0.1228
   3.30 drone1  -0.9189  -1.1179  -0.9215  -1.0013  0.1167
   3.40 drone1  -0.9254  -1.1137  -0.8965  -1.0013  0.1161
   3.50 drone1  -0.9286  -1.1104  -0.8715  -1.0013  0.1231
   3.60 drone1  -0.9313  -1.1061  -0.8465  -1.0013  0.1348
   3.70 drone1  -0.9322  -1.1024  -0.8215  -1.0013  0.1499
   3.80 drone1  -0.9324  -1.0993  -0.7965  -1.0013  0.1676
   3.90 drone1  -0.9311  -1.0971  -0.7715  -1.0013  0.1861
   4.00 drone1  -0.9299  -1.0936  -0.7465  -1.0013  0.2053
   4.10 drone1  -0.9275  -1.0892  -0.7215  -1.0013  0.2239
   4.20 drone1  -0.9249  -1.0834  -0.6965  -1.0013  0.2427
   4.30 drone1  -0.9229  -1.0783  -0.6715  -1.0013  0.2629
   4.40 drone1  -0.9236  -1.0712  -0.6465  -1.0013  0.2858
   4.50 drone1  -0.9234  -1.0658  -0.6215  -1.0013  0.3087
   4.60 drone1  -0.9247  -1.0603  -0.5965  -1.0013  0.3334
   4.70 drone1  -0.9251  -1.0551  -0.5715  -1.0013  0.3577
   4.80 drone1  -0.9249  -1.0525  -0.5465  -1.0013  0.3818
   4.90 drone1  -0.9251  -1.0488  -0.5215  -1.0013  0.4064
   5.00 drone1  -0.9227  -1.0480  -0.4965  -1.0013  0.4287
   5.10 drone1  -0.9018  -1.0488  -0.4715  -1.0013  0.4329
   5.20 drone1  -0.8555  -1.0526  -0.4465  -1.0013  0.4122
   5.30 drone1  -0.7870  -1.0596  -0.4215  -1.0013  0.3701
   5.40 drone1  -0.7076  -1.0678  -0.3965  -1.0013  0.3181
   5.50 drone1  -0.6249  -1.0750  -0.3715  -1.0013  0.2639
   5.60 drone1  -0.5430  -1.0794  -0.3465  -1.0013  0.2114
   5.70 drone1  -0.4656  -1.0795  -0.3215  -1.0013  0.1640
   5.80 drone1  -0.3946  -1.0771  -0.2965  -1.0013  0.1240
   5.90 drone1  -0.3323  -1.0733  -0.2715  -1.0013  0.0943
   6.00 drone1  -0.2803  -1.0696  -0.2465  -1.0013  0.0762
   6.10 drone1  -0.2369  -1.0655  -0.2215  -1.0013  0.0661
   6.20 drone1  -0.2011  -1.0603  -0.1965  -1.0013  0.0592
   6.30 drone1  -0.1684  -1.0531  -0.1715  -1.0013  0.0519
   6.40 drone1  -0.1378  -1.0442  -0.1465  -1.0013  0.0438
   6.50 drone1  -0.1089  -1.0357  -0.1215  -1.0013  0.0366
   6.60 drone1  -0.0799  -1.0279  -0.0965  -1.0013  0.0313
   6.70 drone1  -0.0517  -1.0214  -0.0715  -1.0013  0.0282
   6.80 drone1  -0.0238  -1.0172  -0.0465  -1.0013  0.0277
   6.90 drone1  +0.0051  -1.0147  -0.0215  -1.0013  0.0298
   7.00 drone1  +0.0332  -1.0127  +0.0035  -1.0013  0.0318
   7.10 drone1  +0.0600  -1.0121  +0.0035  -0.9763  0.0669
   7.20 drone1  +0.0873  -1.0119  +0.0035  -0.9513  0.1034
   7.30 drone1  +0.1108  -1.0064  +0.0035  -0.9263  0.1339
   7.40 drone1  +0.1250  -0.9900  +0.0035  -0.9013  0.1505
   7.50 drone1  +0.1291  -0.9623  +0.0035  -0.8763  0.1523
   7.60 drone1  +0.1238  -0.9288  +0.0035  -0.8513  0.1431
   7.70 drone1  +0.1133  -0.8944  +0.0035  -0.8263  0.1292
   7.80 drone1  +0.1027  -0.8623  +0.0035  -0.8013  0.1165
   7.90 drone1  +0.0917  -0.8346  +0.0035  -0.7763  0.1057
   8.00 drone1  +0.0847  -0.8114  +0.0035  -0.7513  0.1011
   8.10 drone1  +0.0802  -0.7912  +0.0035  -0.7263  0.1005
   8.20 drone1  +0.0766  -0.7714  +0.0035  -0.7013  0.1013
   8.30 drone1  +0.0760  -0.7516  +0.0035  -0.6763  0.1045
   8.40 drone1  +0.0754  -0.7298  +0.0035  -0.6513  0.1064
   8.50 drone1  +0.0751  -0.7064  +0.0035  -0.6263  0.1074
   8.60 drone1  +0.0757  -0.6819  +0.0035  -0.6013  0.1083
   8.70 drone1  +0.0759  -0.6552  +0.0035  -0.5763  0.1071
   8.80 drone1  +0.0770  -0.6293  +0.0035  -0.5513  0.1072
   8.90 drone1  +0.0777  -0.6012  +0.0035  -0.5263  0.1054
   9.00 drone1  +0.0775  -0.5721  +0.0035  -0.5013  0.1024
   9.10 drone1  +0.0793  -0.5417  +0.0035  -0.4763  0.1001
   9.20 drone1  +0.0826  -0.5087  +0.0035  -0.4513  0.0978
   9.30 drone1  +0.0858  -0.4756  +0.0035  -0.4263  0.0959
   9.40 drone1  +0.0881  -0.4438  +0.0035  -0.4013  0.0947
   9.50 drone1  +0.0889  -0.4131  +0.0035  -0.3763  0.0930
   9.60 drone1  +0.0879  -0.3844  +0.0035  -0.3513  0.0906
   9.70 drone1  +0.0831  -0.3564  +0.0035  -0.3263  0.0851
   9.80 drone1  +0.0760  -0.3291  +0.0035  -0.3013  0.0776
   9.90 drone1  +0.0669  -0.3033  +0.0035  -0.2763  0.0689
  10.00 drone1  +0.0591  -0.2792  +0.0035  -0.2513  0.0622
  10.10 drone1  +0.0502  -0.2573  +0.0035  -0.2263  0.0561
  10.20 drone1  +0.0445  -0.2370  +0.0035  -0.2013  0.0544
  10.30 drone1  +0.0399  -0.2175  +0.0035  -0.1763  0.0550
  10.40 drone1  +0.0395  -0.1976  +0.0035  -0.1513  0.0587
  10.50 drone1  +0.0339  -0.1823  +0.0035  -0.1263  0.0637
  10.60 drone1  +0.0443  -0.1358  +0.0035  -0.1013  0.0535
  10.70 drone1  +0.0419  -0.0503  +0.0035  -0.0763  0.0464
  10.80 drone1  +0.0325  +0.0713  +0.0035  -0.0513  0.1260
  10.90 drone1  +0.0187  +0.2072  +0.0035  -0.0263  0.2340
  11.00 drone1  +0.0142  +0.3348  +0.0035  -0.0013  0.3362
  11.10 drone1  +0.0217  +0.4369  -0.0215  -0.0013  0.4403
  11.20 drone1  +0.0416  +0.5058  -0.0465  -0.0013  0.5147
  11.30 drone1  +0.0673  +0.5423  -0.0715  -0.0013  0.5610
  11.40 drone1  +0.0881  +0.5501  -0.0965  -0.0013  0.5814
  11.50 drone1  +0.0994  +0.5383  -0.1215  -0.0013  0.5831
  11.60 drone1  +0.0996  +0.5142  -0.1465  -0.0013  0.5712
  11.70 drone1  +0.0895  +0.4830  -0.1715  -0.0013  0.5502
  11.80 drone1  +0.0725  +0.4493  -0.1965  -0.0013  0.5248
  11.90 drone1  +0.0486  +0.4141  -0.2215  -0.0013  0.4955
  12.00 drone1  +0.0245  +0.3775  -0.2465  -0.0013  0.4657
  12.10 drone1  -0.0015  +0.3392  -0.2715  -0.0013  0.4345
  12.20 drone1  -0.0216  +0.3118  -0.2965  -0.0013  0.4166
  12.30 drone1  -0.0619  +0.2627  -0.3215  -0.0013  0.3702
  12.40 drone1  -0.0986  +0.2262  -0.3465  -0.0013  0.3365
  12.50 drone1  -0.1386  +0.1907  -0.3715  -0.0013  0.3018
  12.60 drone1  -0.1833  +0.1559  -0.3965  -0.0013  0.2649
  12.70 drone1  -0.2327  +0.1228  -0.4215  -0.0013  0.2259
  12.80 drone1  -0.2859  +0.0918  -0.4465  -0.0013  0.1856
  12.90 drone1  -0.3377  +0.0640  -0.4715  -0.0013  0.1488
  13.00 drone1  -0.3812  +0.0379  -0.4965  -0.0013  0.1218
  13.10 drone1  -0.3930  +0.0062  -0.5215  -0.0013  0.1288
  13.20 drone1  -0.3773  -0.0330  -0.5465  -0.0013  0.1722
  13.30 drone1  -0.3514  -0.0750  -0.5715  -0.0013  0.2322
  13.40 drone1  -0.3269  -0.1117  -0.5965  -0.0013  0.2913
  13.50 drone1  -0.3156  -0.1372  -0.6215  -0.0013  0.3348
  13.60 drone1  -0.3207  -0.1500  -0.6465  -0.0013  0.3581
  13.70 drone1  -0.3383  -0.1512  -0.6715  -0.0013  0.3654
  13.80 drone1  -0.3656  -0.1441  -0.6965  -0.0013  0.3604
  13.90 drone1  -0.3996  -0.1330  -0.7215  -0.0013  0.3478
  14.00 drone1  -0.4399  -0.1217  -0.7465  -0.0013  0.3294
  14.10 drone1  -0.4845  -0.1123  -0.7715  -0.0013  0.3077
  14.20 drone1  -0.5272  -0.1085  -0.7965  -0.0013  0.2899
  14.30 drone1  -0.5591  -0.1149  -0.8215  -0.0013  0.2860
  14.40 drone1  -0.5809  -0.1280  -0.8465  -0.0013  0.2943
  14.50 drone1  -0.5982  -0.1437  -0.8715  -0.0013  0.3082
  14.60 drone1  -0.6173  -0.1568  -0.8965  -0.0013  0.3196
  14.70 drone1  -0.6403  -0.1632  -0.9215  -0.0013  0.3245
  14.80 drone1  -0.6674  -0.1614  -0.9465  -0.0013  0.3218
  14.90 drone1  -0.6993  -0.1514  -0.9715  -0.0013  0.3108
  15.00 drone1  -0.7364  -0.1358  -0.9965  -0.0013  0.2928
  15.10 drone1  -0.7814  -0.1191  -0.9965  -0.0263  0.2342
  15.20 drone1  -0.8343  -0.1031  -0.9965  -0.0513  0.1702
  15.30 drone1  -0.8958  -0.0993  -0.9965  -0.0763  0.1033
  15.40 drone1  -0.9392  -0.0852  -0.9965  -0.1013  0.0595
  15.50 drone1  -0.9675  -0.1170  -0.9965  -0.1263  0.0304
  15.60 drone1  -0.9883  -0.1497  -0.9965  -0.1513  0.0084
  15.70 drone1  -1.0004  -0.1934  -0.9965  -0.1763  0.0176
  15.80 drone1  -1.0088  -0.2397  -0.9965  -0.2013  0.0403
  15.90 drone1  -1.0168  -0.2838  -0.9965  -0.2263  0.0610
  16.00 drone1  -1.0256  -0.3220  -0.9965  -0.2513  0.0764
  16.10 drone1  -1.0357  -0.3529  -0.9965  -0.2763  0.0860
  16.20 drone1  -1.0454  -0.3774  -0.9965  -0.3013  0.0904
  16.30 drone1  -1.0532  -0.3967  -0.9965  -0.3263  0.0905
  16.40 drone1  -1.0587  -0.4128  -0.9965  -0.3513  0.0874
  16.50 drone1  -1.0612  -0.4296  -0.9965  -0.3763  0.0838
  16.60 drone1  -1.0598  -0.4488  -0.9965  -0.4013  0.0791
  16.70 drone1  -1.0561  -0.4697  -0.9965  -0.4263  0.0737
  16.80 drone1  -1.0501  -0.4910  -0.9965  -0.4513  0.0667
  16.90 drone1  -1.0429  -0.5142  -0.9965  -0.4763  0.0599
  17.00 drone1  -1.0362  -0.5360  -0.9965  -0.5013  0.0527
  17.10 drone1  -1.0295  -0.5578  -0.9965  -0.5263  0.0456
  17.20 drone1  -1.0252  -0.5781  -0.9965  -0.5513  0.0393
  17.30 drone1  -1.0224  -0.5976  -0.9965  -0.5763  0.0335
  17.40 drone1  -1.0215  -0.6172  -0.9965  -0.6013  0.0296
  17.50 drone1  -1.0209  -0.6363  -0.9965  -0.6263  0.0263
  17.60 drone1  -1.0212  -0.6567  -0.9965  -0.6513  0.0253
  17.70 drone1  -1.0206  -0.6780  -0.9965  -0.6763  0.0242
  17.80 drone1  -1.0198  -0.7012  -0.9965  -0.7013  0.0233
  17.90 drone1  -1.0184  -0.7262  -0.9965  -0.7263  0.0219
  18.00 drone1  -1.0170  -0.7525  -0.9965  -0.7513  0.0205
  18.10 drone1  -1.0161  -0.7794  -0.9965  -0.7763  0.0198
  18.20 drone1  -1.0140  -0.8052  -0.9965  -0.8013  0.0180
  18.30 drone1  -1.0121  -0.8313  -0.9965  -0.8263  0.0164
  18.40 drone1  -1.0133  -0.8587  -0.9965  -0.8513  0.0184
  18.50 drone1  -1.0161  -0.8861  -0.9965  -0.8763  0.0219
  18.60 drone1  -1.0194  -0.9144  -0.9965  -0.9013  0.0264
  18.70 drone1  -1.0216  -0.9407  -0.9965  -0.9263  0.0290
  18.80 drone1  -1.0215  -0.9656  -0.9965  -0.9513  0.0288
  18.90 drone1  -1.0214  -0.9895  -0.9965  -0.9763  0.0282
  19.00 drone1  -1.0199  -1.0126  -0.9965  -1.0013  0.0260
  19.10 drone1  -1.0195  -1.0334  -0.9715  -1.0013  0.0577
  19.20 drone1  -1.0132  -1.0508  -0.9465  -1.0013  0.0830
  19.30 drone1  -0.9987  -1.0606  -0.9215  -1.0013  0.0974
  19.40 drone1  -0.9759  -1.0635  -0.8965  -1.0013  0.1009
  19.50 drone1  -0.9475  -1.0598  -0.8715  -1.0013  0.0959
  19.60 drone1  -0.9168  -1.0540  -0.8465  -1.0013  0.0879
  19.70 drone1  -0.8866  -1.0464  -0.8215  -1.0013  0.0792
  19.80 drone1  -0.8592  -1.0395  -0.7965  -1.0013  0.0734
  19.90 drone1  -0.8342  -1.0334  -0.7715  -1.0013  0.0704
  20.00 drone1  -0.8111  -1.0292  -0.7465  -1.0013  0.0704
  20.10 drone1  -0.7898  -1.0256  -0.7215  -1.0013  0.0725
  20.20 drone1  -0.7676  -1.0228  -0.6965  -1.0013  0.0743
  20.30 drone1  -0.7449  -1.0200  -0.6715  -1.0013  0.0757
  20.40 drone1  -0.7220  -1.0176  -0.6465  -1.0013  0.0772
  20.50 drone1  -0.6985  -1.0158  -0.6215  -1.0013  0.0784
  20.60 drone1  -0.6744  -1.0160  -0.5965  -1.0013  0.0792
  20.70 drone1  -0.6507  -1.0184  -0.5715  -1.0013  0.0811
  20.80 drone1  -0.6261  -1.0224  -0.5465  -1.0013  0.0824
  20.90 drone1  -0.6008  -1.0269  -0.5215  -1.0013  0.0833
  21.00 drone1  -0.5741  -1.0316  -0.4965  -1.0013  0.0833
  21.10 drone1  -0.5471  -1.0353  -0.4715  -1.0013  0.0829
  21.20 drone1  -0.5198  -1.0380  -0.4465  -1.0013  0.0820
  21.30 drone1  -0.4924  -1.0393  -0.4215  -1.0013  0.0804
  21.40 drone1  -0.4645  -1.0407  -0.3965  -1.0013  0.0786
  21.50 drone1  -0.4377  -1.0405  -0.3715  -1.0013  0.0769
  21.60 drone1  -0.4103  -1.0398  -0.3465  -1.0013  0.0745
  21.70 drone1  -0.3831  -1.0388  -0.3215  -1.0013  0.0722
  21.80 drone1  -0.3559  -1.0380  -0.2965  -1.0013  0.0698
  21.90 drone1  -0.3290  -1.0376  -0.2715  -1.0013  0.0680
  22.00 drone1  -0.3028  -1.0373  -0.2465  -1.0013  0.0668
  22.10 drone1  -0.2769  -1.0366  -0.2215  -1.0013  0.0657
  22.20 drone1  -0.2515  -1.0353  -0.1965  -1.0013  0.0647
  22.30 drone1  -0.2254  -1.0345  -0.1715  -1.0013  0.0633
  22.40 drone1  -0.1983  -1.0334  -0.1465  -1.0013  0.0610
  22.50 drone1  -0.1708  -1.0325  -0.1215  -1.0013  0.0584
  22.60 drone1  -0.1430  -1.0320  -0.0965  -1.0013  0.0557
  22.70 drone1  -0.1151  -1.0315  -0.0715  -1.0013  0.0530
  22.80 drone1  -0.0867  -1.0309  -0.0465  -1.0013  0.0499
  22.90 drone1  -0.0589  -1.0296  -0.0215  -1.0013  0.0469
  23.00 drone1  -0.0320  -1.0272  +0.0035  -1.0013  0.0440
  23.10 drone1  -0.0062  -1.0237  +0.0035  -0.9763  0.0484
  23.20 drone1  +0.0138  -1.0144  +0.0035  -0.9513  0.0639
  23.30 drone1  +0.0253  -0.9952  +0.0035  -0.9263  0.0723
  23.40 drone1  +0.0285  -0.9680  +0.0035  -0.9013  0.0712
  23.50 drone1  +0.0268  -0.9360  +0.0035  -0.8763  0.0640
  23.60 drone1  +0.0216  -0.9034  +0.0035  -0.8513  0.0552
  23.70 drone1  +0.0165  -0.8732  +0.0035  -0.8263  0.0487
  23.80 drone1  +0.0117  -0.8460  +0.0035  -0.8013  0.0454
  23.90 drone1  +0.0078  -0.8233  +0.0035  -0.7763  0.0472
  24.00 drone1  +0.0060  -0.8021  +0.0035  -0.7513  0.0508
  24.10 drone1  +0.0054  -0.7818  +0.0035  -0.7263  0.0556
  24.20 drone1  +0.0052  -0.7612  +0.0035  -0.7013  0.0599
  24.30 drone1  +0.0050  -0.7384  +0.0035  -0.6763  0.0621
  24.40 drone1  +0.0050  -0.7138  +0.0035  -0.6513  0.0626
  24.50 drone1  +0.0038  -0.6870  +0.0035  -0.6263  0.0607
  24.60 drone1  +0.0027  -0.6592  +0.0035  -0.6013  0.0579
  24.70 drone1  +0.0021  -0.6307  +0.0035  -0.5763  0.0544
  24.80 drone1  +0.0009  -0.6024  +0.0035  -0.5513  0.0512
  24.90 drone1  +0.0007  -0.5743  +0.0035  -0.5263  0.0481
  25.00 drone1  -0.0004  -0.5459  +0.0035  -0.5013  0.0448
  25.10 drone1  -0.0008  -0.5169  +0.0035  -0.4763  0.0408
  25.20 drone1  -0.0016  -0.4897  +0.0035  -0.4513  0.0388
  25.30 drone1  -0.0016  -0.4632  +0.0035  -0.4263  0.0372
  25.40 drone1  -0.0026  -0.4375  +0.0035  -0.4013  0.0367
  25.50 drone1  -0.0027  -0.4107  +0.0035  -0.3763  0.0349
  25.60 drone1  -0.0030  -0.3797  +0.0035  -0.3513  0.0291
  25.70 drone1  -0.0029  -0.3479  +0.0035  -0.3263  0.0225
  25.80 drone1  -0.0031  -0.3223  +0.0035  -0.3013  0.0220
  25.90 drone1  -0.0039  -0.2867  +0.0035  -0.2763  0.0128
  26.00 drone1  -0.0045  -0.2608  +0.0035  -0.2513  0.0124
  26.10 drone1  -0.0052  -0.2376  +0.0035  -0.2263  0.0142
  26.20 drone1  -0.0054  -0.2157  +0.0035  -0.2013  0.0170
  26.30 drone1  -0.0072  -0.1948  +0.0035  -0.1763  0.0213
  26.40 drone1  -0.0083  -0.1741  +0.0035  -0.1513  0.0256
  26.50 drone1  -0.0090  -0.1537  +0.0035  -0.1263  0.0302
  26.60 drone1  -0.0093  -0.1313  +0.0035  -0.1013  0.0326
  26.70 drone1  -0.0082  -0.1062  +0.0035  -0.0763  0.0321
  26.80 drone1  -0.0062  -0.0795  +0.0035  -0.0513  0.0298
  26.90 drone1  -0.0032  -0.0518  +0.0035  -0.0263  0.0264
  27.00 drone1  -0.0005  -0.0249  +0.0035  -0.0013  0.0240
  27.10 drone1  +0.0010  +0.0002  -0.0215  -0.0013  0.0225
  27.20 drone1  -0.0021  +0.0222  -0.0465  -0.0013  0.0502
  27.30 drone1  -0.0143  +0.0525  -0.0715  -0.0013  0.0785
  27.40 drone1  -0.0328  +0.0948  -0.0965  -0.0013  0.1153
  27.50 drone1  -0.0586  +0.1427  -0.1215  -0.0013  0.1571
  27.60 drone1  -0.0873  +0.1865  -0.1465  -0.0013  0.1969
  27.70 drone1  -0.1182  +0.2181  -0.1715  -0.0013  0.2258
  27.80 drone1  -0.1505  +0.2336  -0.1965  -0.0013  0.2394
  27.90 drone1  -0.1830  +0.2313  -0.2215  -0.0013  0.2358
  28.00 drone1  -0.2150  +0.2141  -0.2465  -0.0013  0.2177
  28.10 drone1  -0.2445  +0.1858  -0.2715  -0.0013  0.1891
  28.20 drone1  -0.2725  +0.1531  -0.2965  -0.0013  0.1563
  28.30 drone1  -0.2997  +0.1208  -0.3215  -0.0013  0.1240
  28.40 drone1  -0.3256  +0.0934  -0.3465  -0.0013  0.0970
  28.50 drone1  -0.3520  +0.0715  -0.3715  -0.0013  0.0754
  28.60 drone1  -0.3779  +0.0545  -0.3965  -0.0013  0.0589
  28.70 drone1  -0.4017  +0.0442  -0.4215  -0.0013  0.0497
  28.80 drone1  -0.4305  +0.0353  -0.4465  -0.0013  0.0400
  28.90 drone1  -0.4559  +0.0288  -0.4715  -0.0013  0.0339
  29.00 drone1  -0.4810  +0.0222  -0.4965  -0.0013  0.0281
  29.10 drone1  -0.5049  +0.0161  -0.5215  -0.0013  0.0240
  29.20 drone1  -0.5291  +0.0091  -0.5465  -0.0013  0.0203
  29.30 drone1  -0.5521  +0.0011  -0.5715  -0.0013  0.0196
  29.40 drone1  -0.5764  -0.0086  -0.5965  -0.0013  0.0214
  29.50 drone1  -0.5917  -0.0230  -0.6215  -0.0013  0.0368
  29.60 drone1  -0.5892  -0.0457  -0.6465  -0.0013  0.0725
  29.70 drone1  -0.5726  -0.0741  -0.6715  -0.0013  0.1228
  29.80 drone1  -0.5546  -0.1145  -0.6965  -0.0013  0.1816
  29.90 drone1  -0.5320  -0.1387  -0.7215  -0.0013  0.2341
  30.00 drone1  -0.4911  -0.1559  -0.7465  -0.0013  0.2985
  30.10 drone1  -0.4236  -0.2108  -0.7715  -0.0013  0.4061
  30.20 drone1  -0.3349  -0.2856  -0.7965  -0.0013  0.5421
  30.30 drone1  -0.2582  -0.3430  -0.8215  -0.0013  0.6588
  30.40 drone1  -0.1462  -0.4095  -0.8465  -0.0013  0.8105
  30.50 drone1  -0.0661  -0.4348  -0.8715  -0.0013  0.9146
  30.60 drone1  -0.0038  -0.4330  -0.8965  -0.0013  0.9916
  30.70 drone1  +0.0394  -0.4117  -0.9215  -0.0013  1.0449
  30.80 drone1  +0.0626  -0.3805  -0.9465  -0.0013  1.0780
  30.90 drone1  +0.0712  -0.3531  -0.9715  -0.0013  1.1005
  31.00 drone1  +0.0703  -0.3413  -0.9965  -0.0013  1.1196
  31.10 drone1  +0.0590  -0.3428  -0.9965  -0.0263  1.1020
  31.20 drone1  +0.0309  -0.3465  -0.9965  -0.0513  1.0690
  31.30 drone1  +0.0064  -0.3653  -0.9965  -0.0763  1.0437
  31.40 drone1  -0.0124  -0.4016  -0.9965  -0.1013  1.0289
  31.50 drone1  -0.0431  -0.4263  -0.9965  -0.1263  0.9994
  31.60 drone1  -0.0685  -0.4722  -0.9965  -0.1513  0.9819
  31.70 drone1  -0.0791  -0.5226  -0.9965  -0.1763  0.9806
  31.80 drone1  -0.0820  -0.5458  -0.9965  -0.2013  0.9772
  31.90 drone1  -0.1023  -0.5664  -0.9965  -0.2263  0.9567
  32.00 drone1  -0.0992  -0.5599  -0.9965  -0.2513  0.9489
  32.10 drone1  -0.0543  -0.5162  -0.9965  -0.2763  0.9722
  32.20 drone1  +0.0091  -0.4522  -0.9965  -0.3013  1.0169
  32.30 drone1  +0.0828  -0.3546  -0.9965  -0.3263  1.0797
  32.40 drone1  +0.1498  -0.2095  -0.9965  -0.3513  1.1550
  32.50 drone1  +0.1881  -0.0090  -0.9965  -0.3763  1.2402
  32.60 drone1  +0.1780  +0.2325  -0.9965  -0.4013  1.3346
  32.70 drone1  +0.1010  +0.5058  -0.9965  -0.4263  1.4399
  32.80 drone1  -0.0568  +0.7780  -0.9965  -0.4513  1.5474
  32.90 drone1  -0.2943  +1.0156  -0.9965  -0.4763  1.6489
  33.00 drone1  -0.6004  +1.1940  -0.9965  -0.5013  1.7410
  33.10 drone1  -0.8861  +1.2725  -0.9965  -0.5263  1.8022
  33.20 drone1  -1.2437  +1.2750  -0.9965  -0.5513  1.8430
  33.30 drone1  -1.5354  +1.1821  -0.9965  -0.5763  1.8391
  33.40 drone1  -1.7735  +1.0188  -0.9965  -0.6013  1.7968
  33.50 drone1  -1.9442  +0.8108  -0.9965  -0.6263  1.7214
  33.60 drone1  -2.0366  +0.5803  -0.9965  -0.6513  1.6120
  33.70 drone1  -2.0453  +0.3473  -0.9965  -0.6763  1.4655
  33.80 drone1  -1.9788  +0.1333  -0.9965  -0.7013  1.2890
  33.90 drone1  -1.8497  -0.0464  -0.9965  -0.7263  1.0909
  34.00 drone1  -1.6901  -0.1843  -0.9965  -0.7513  0.8958
  34.10 drone1  -1.5298  -0.2751  -0.9965  -0.7763  0.7318
  34.20 drone1  -1.3943  -0.3270  -0.9965  -0.8013  0.6191
  34.30 drone1  -1.2916  -0.3497  -0.9965  -0.8263  0.5606
  34.40 drone1  -1.2208  -0.3581  -0.9965  -0.8513  0.5418
  34.50 drone1  -1.1774  -0.3627  -0.9965  -0.8763  0.5445
  34.60 drone1  -1.1546  -0.3747  -0.9965  -0.9013  0.5498
  34.70 drone1  -1.1471  -0.3984  -0.9965  -0.9263  0.5490
  34.80 drone1  -1.1486  -0.4371  -0.9965  -0.9513  0.5362
  34.90 drone1  -1.1546  -0.4881  -0.9965  -0.9763  0.5132
  35.00 drone1  -1.1631  -0.5494  -0.9965  -1.0013  0.4816
  35.10 drone1  -1.1678  -0.6176  -0.9715  -1.0013  0.4310
  35.20 drone1  -1.1645  -0.6883  -0.9465  -1.0013  0.3814
  35.30 drone1  -1.1494  -0.7585  -0.9215  -1.0013  0.3329
  35.40 drone1  -1.1227  -0.8239  -0.8965  -1.0013  0.2874
  35.50 drone1  -1.0838  -0.8853  -0.8715  -1.0013  0.2419
  35.60 drone1  -1.0347  -0.9405  -0.8465  -1.0013  0.1977
  35.70 drone1  -0.9792  -0.9903  -0.8215  -1.0013  0.1581
  35.80 drone1  -0.9234  -1.0306  -0.7965  -1.0013  0.1302
  35.90 drone1  -0.8710  -1.0604  -0.7715  -1.0013  0.1157
  36.00 drone1  -0.8244  -1.0793  -0.7465  -1.0013  0.1102
  36.10 drone1  -0.7850  -1.0873  -0.7215  -1.0013  0.1069
  36.20 drone1  -0.7553  -1.0880  -0.6965  -1.0013  0.1048
  36.30 drone1  -0.7235  -1.0852  -0.6715  -1.0013  0.0987
  36.40 drone1  -0.6973  -1.0824  -0.6465  -1.0013  0.0957
  36.50 drone1  -0.6733  -1.0814  -0.6215  -1.0013  0.0954
  36.60 drone1  -0.6509  -1.0824  -0.5965  -1.0013  0.0977
  36.70 drone1  -0.6303  -1.0850  -0.5715  -1.0013  0.1023
  36.80 drone1  -0.6082  -1.0878  -0.5465  -1.0013  0.1063
  36.90 drone1  -0.5849  -1.0892  -0.5215  -1.0013  0.1084
  37.00 drone1  -0.5599  -1.0894  -0.4965  -1.0013  0.1085
  37.10 drone1  -0.5334  -1.0883  -0.4715  -1.0013  0.1068
  37.20 drone1  -0.5052  -1.0863  -0.4465  -1.0013  0.1033
  37.30 drone1  -0.4772  -1.0836  -0.4215  -1.0013  0.0994
  37.40 drone1  -0.4489  -1.0807  -0.3965  -1.0013  0.0952
  37.50 drone1  -0.4222  -1.0781  -0.3715  -1.0013  0.0920
  37.60 drone1  -0.3977  -1.0757  -0.3465  -1.0013  0.0903
  37.70 drone1  -0.3736  -1.0736  -0.3215  -1.0013  0.0891
  37.80 drone1  -0.3504  -1.0716  -0.2965  -1.0013  0.0886
  37.90 drone1  -0.3265  -1.0705  -0.2715  -1.0013  0.0884
  38.00 drone1  -0.3016  -1.0695  -0.2465  -1.0013  0.0877
  38.10 drone1  -0.2769  -1.0685  -0.2215  -1.0013  0.0871
  38.20 drone1  -0.2519  -1.0674  -0.1965  -1.0013  0.0863
  38.30 drone1  -0.2282  -1.0661  -0.1715  -1.0013  0.0862
  38.40 drone1  -0.2046  -1.0649  -0.1465  -1.0013  0.0861
  38.50 drone1  -0.1806  -1.0627  -0.1215  -1.0013  0.0852
  38.60 drone1  -0.1564  -1.0610  -0.0965  -1.0013  0.0846
  38.70 drone1  -0.1326  -1.0603  -0.0715  -1.0013  0.0849
  38.80 drone1  -0.1089  -1.0590  -0.0465  -1.0013  0.0850
  38.90 drone1  -0.0845  -1.0596  -0.0215  -1.0013  0.0858
  39.00 drone1  -0.0613  -1.0583  +0.0035  -1.0013  0.0864
  39.10 drone1  -0.0375  -1.0583  +0.0035  -0.9763  0.0917
  39.20 drone1  -0.0185  -1.0530  +0.0035  -0.9513  0.1040
  39.30 drone1  -0.0061  -1.0371  +0.0035  -0.9263  0.1112
  39.40 drone1  -0.0004  -1.0117  +0.0035  -0.9013  0.1105
  39.50 drone1  +0.0009  -0.9798  +0.0035  -0.8763  0.1035
  39.60 drone1  +0.0006  -0.9456  +0.0035  -0.8513  0.0944
  39.70 drone1  +0.0001  -0.9130  +0.0035  -0.8263  0.0868
  39.80 drone1  +0.0004  -0.8844  +0.0035  -0.8013  0.0831
  39.90 drone1  +0.0014  -0.8596  +0.0035  -0.7763  0.0833
  40.00 drone1  +0.0030  -0.8367  +0.0035  -0.7513  0.0854
  40.10 drone1  +0.0042  -0.8136  +0.0035  -0.7263  0.0873
  40.20 drone1  +0.0045  -0.7898  +0.0035  -0.7013  0.0885
  40.30 drone1  +0.0050  -0.7649  +0.0035  -0.6763  0.0886
  40.40 drone1  +0.0041  -0.7377  +0.0035  -0.6513  0.0864
  40.50 drone1  +0.0022  -0.7095  +0.0035  -0.6263  0.0832
  40.60 drone1  -0.0003  -0.6798  +0.0035  -0.6013  0.0786
  40.70 drone1  -0.0022  -0.6501  +0.0035  -0.5763  0.0740
  40.80 drone1  -0.0051  -0.6188  +0.0035  -0.5513  0.0681
  40.90 drone1  -0.0069  -0.5877  +0.0035  -0.5263  0.0623
  41.00 drone1  -0.0085  -0.5585  +0.0035  -0.5013  0.0584
  41.10 drone1  -0.0077  -0.5398  +0.0035  -0.4763  0.0645
  41.20 drone1  -0.0024  -0.5383  +0.0035  -0.4513  0.0873
  41.30 drone1  +0.0048  -0.5507  +0.0035  -0.4263  0.1244
  41.40 drone1  +0.0161  -0.5707  +0.0035  -0.4013  0.1699
  41.50 drone1  +0.0288  -0.5934  +0.0035  -0.3763  0.2186
  41.60 drone1  +0.0427  -0.6140  +0.0035  -0.3513  0.2656
  41.70 drone1  +0.0479  -0.6354  +0.0035  -0.3263  0.3123
  41.80 drone1  +0.0556  -0.6331  +0.0035  -0.3013  0.3359
  41.90 drone1  +0.0815  -0.5888  +0.0035  -0.2763  0.3221
  42.00 drone1  +0.0884  -0.4892  +0.0035  -0.2513  0.2526
  42.10 drone1  +0.0831  -0.3619  +0.0035  -0.2263  0.1572
  42.20 drone1  +0.1040  -0.2117  +0.0035  -0.2013  0.1011
  42.30 drone1  +0.1272  -0.1166  +0.0035  -0.1763  0.1373
  42.40 drone1  +0.2209  +0.0271  +0.0035  -0.1513  0.2812
  42.50 drone1  +0.3371  +0.0871  +0.0035  -0.1263  0.3960
  42.60 drone1  +0.4827  +0.0924  +0.0035  -0.1013  0.5169
  42.70 drone1  +0.6371  +0.0355  +0.0035  -0.0763  0.6434
  42.80 drone1  +0.7783  -0.0855  +0.0035  -0.0513  0.7756
  42.90 drone1  +0.8713  -0.2740  +0.0035  -0.0263  0.9025
  43.00 drone1  +0.9153  -0.4813  +0.0035  -0.0013  1.0304
  43.10 drone1  +0.8721  -0.7166  -0.0215  -0.0013  1.1446
  43.20 drone1  +0.7502  -0.9139  -0.0465  -0.0013  1.2114
  43.30 drone1  +0.5604  -1.0607  -0.0715  -0.0013  1.2335
  43.40 drone1  +0.3194  -1.1321  -0.0965  -0.0013  1.2049
  43.50 drone1  +0.0790  -1.1186  -0.1215  -0.0013  1.1352
  43.60 drone1  -0.1357  -1.0297  -0.1465  -0.0013  1.0285
  43.70 drone1  -0.3018  -0.8696  -0.1715  -0.0013  0.8781
  43.80 drone1  -0.4317  -0.6873  -0.1965  -0.0013  0.7252
  43.90 drone1  -0.5706  -0.5439  -0.2215  -0.0013  0.6452
  44.00 drone1  -0.7231  -0.4206  -0.2465  -0.0013  0.6348
  44.10 drone1  -0.8563  -0.3043  -0.2715  -0.0013  0.6586
  44.20 drone1  -0.9725  -0.1930  -0.2965  -0.0013  0.7026
  44.30 drone1  -1.0760  -0.0964  -0.3215  -0.0013  0.7605
  44.40 drone1  -1.1541  -0.0179  -0.3465  -0.0013  0.8078
  44.50 drone1  -1.2151  +0.0427  -0.3715  -0.0013  0.8447
  44.60 drone1  -1.2529  +0.0833  -0.3965  -0.0013  0.8605
  44.70 drone1  -1.2712  +0.1055  -0.4215  -0.0013  0.8564
  44.80 drone1  -1.2728  +0.1070  -0.4465  -0.0013  0.8334
  44.90 drone1  -1.2728  +0.1072  -0.4715  -0.0013  0.8086
  45.00 drone1  -1.2730  +0.1068  -0.4965  -0.0013  0.7840
  45.10 drone1  -1.2730  +0.1074  -0.5215  -0.0013  0.7593
  45.20 drone1  -1.2731  +0.1073  -0.5465  -0.0013  0.7346
  45.30 drone1  -1.2729  +0.1070  -0.5715  -0.0013  0.7097
  45.40 drone1  -1.2728  +0.1072  -0.5965  -0.0013  0.6850
  45.50 drone1  -1.2729  +0.1073  -0.6215  -0.0013  0.6604
  45.60 drone1  -1.2731  +0.1075  -0.6465  -0.0013  0.6359
  45.70 drone1  -1.2731  +0.1069  -0.6715  -0.0013  0.6113
  45.80 drone1  -1.2730  +0.1071  -0.6965  -0.0013  0.5866
  45.90 drone1  -1.2729  +0.1073  -0.7215  -0.0013  0.5620
  46.00 drone1  -1.2732  +0.1070  -0.7465  -0.0013  0.5377
  46.10 drone1  -1.2728  +0.1071  -0.7715  -0.0013  0.5129
  46.20 drone1  -1.2729  +0.1074  -0.7965  -0.0013  0.4886
  46.30 drone1  -1.2730  +0.1068  -0.8215  -0.0013  0.4642
  46.40 drone1  -1.2728  +0.1071  -0.8465  -0.0013  0.4399
  46.50 drone1  -1.2729  +0.1073  -0.8715  -0.0013  0.4158
  46.60 drone1  -1.2728  +0.1072  -0.8965  -0.0013  0.3917
  46.70 drone1  -1.2730  +0.1074  -0.9215  -0.0013  0.3679
  46.80 drone1  -1.2728  +0.1072  -0.9465  -0.0013  0.3439
  46.90 drone1  -1.2732  +0.1071  -0.9715  -0.0013  0.3206
  47.00 drone1  -1.2728  +0.1073  -0.9965  -0.0013  0.2969
  47.10 drone1  -1.2729  +0.1072  -0.9965  -0.0263  0.3069
  47.20 drone1  -1.2730  +0.1073  -0.9965  -0.0513  0.3187
  47.30 drone1  -1.2729  +0.1071  -0.9965  -0.0763  0.3317
  47.40 drone1  -1.2729  +0.1073  -0.9965  -0.1013  0.3463
  47.50 drone1  -1.2728  +0.1071  -0.9965  -0.1263  0.3617
  47.60 drone1  -1.2728  +0.1071  -0.9965  -0.1513  0.3783
  47.70 drone1  -1.2736  +0.1079  -0.9965  -0.1763  0.3969
  47.80 drone1  -1.2728  +0.1070  -0.9965  -0.2013  0.4140
  47.90 drone1  -1.2728  +0.1072  -0.9965  -0.2263  0.4331
  48.00 drone1  -1.2729  +0.1071  -0.9965  -0.2513  0.4526
  48.10 drone1  -1.2729  +0.1075  -0.9965  -0.2763  0.4729
  48.20 drone1  -1.2731  +0.1072  -0.9965  -0.3013  0.4933
  48.30 drone1  -1.2731  +0.1074  -0.9965  -0.3263  0.5143
  48.40 drone1  -1.2731  +0.1070  -0.9965  -0.3513  0.5353
  48.50 drone1  -1.2731  +0.1074  -0.9965  -0.3763  0.5572
  48.60 drone1  -1.2731  +0.1075  -0.9965  -0.4013  0.5791
  48.70 drone1  -1.2733  +0.1078  -0.9965  -0.4263  0.6016
  48.80 drone1  -1.2731  +0.1075  -0.9965  -0.4513  0.6235
  48.90 drone1  -1.2741  +0.1078  -0.9965  -0.4763  0.6468
  49.00 drone1  -1.2730  +0.1073  -0.9965  -0.5013  0.6684
  49.10 drone1  -1.2730  +0.1074  -0.9965  -0.5263  0.6914
  49.20 drone1  -1.2732  +0.1075  -0.9965  -0.5513  0.7145
  49.30 drone1  -1.2731  +0.1072  -0.9965  -0.5763  0.7373
  49.40 drone1  -1.2731  +0.1072  -0.9965  -0.6013  0.7605
  49.50 drone1  -1.2731  +0.1074  -0.9965  -0.6263  0.7840
  49.60 drone1  -1.2732  +0.1072  -0.9965  -0.6513  0.8074
  49.70 drone1  -1.2731  +0.1072  -0.9965  -0.6763  0.8309
  49.80 drone1  -1.2732  +0.1071  -0.9965  -0.7013  0.8545
  49.90 drone1  -1.2728  +0.1069  -0.9965  -0.7263  0.8778
  50.00 drone1  -1.2728  +0.1069  -0.9965  -0.7513  0.9016
  50.10 drone1  -1.2726  +0.1067  -0.9965  -0.7763  0.9251
  50.20 drone1  -1.2735  +0.1079  -0.9965  -0.8013  0.9505
  50.30 drone1  -1.2727  +0.1074  -0.9965  -0.8263  0.9737
  50.40 drone1  -1.2731  +0.1073  -0.9965  -0.8513  0.9977
  50.50 drone1  -1.2729  +0.1071  -0.9965  -0.8763  1.0215
  50.60 drone1  -1.2734  +0.1069  -0.9965  -0.9013  1.0455
  50.70 drone1  -1.2732  +0.1067  -0.9965  -0.9263  1.0694
  50.80 drone1  -1.2733  +0.1070  -0.9965  -0.9513  1.0939
  50.90 drone1  -1.2732  +0.1067  -0.9965  -0.9763  1.1178
  51.00 drone1  -1.2733  +0.1069  -0.9965  -1.0013  1.1422
  51.10 drone1  -1.2732  +0.1065  -0.9715  -1.0013  1.1482
  51.20 drone1  -1.2739  +0.1079  -0.9465  -1.0013  1.1565
  51.30 drone1  -1.2731  +0.1071  -0.9215  -1.0013  1.1628
  51.40 drone1  -1.2739  +0.1077  -0.8965  -1.0013  1.1715
  51.50 drone1  -1.2732  +0.1071  -0.8715  -1.0013  1.1790
  51.60 drone1  -1.2732  +0.1071  -0.8465  -1.0013  1.1876
  51.70 drone1  -1.2731  +0.1068  -0.8215  -1.0013  1.1966
  51.80 drone1  -1.2731  +0.1068  -0.7965  -1.0013  1.2063
  51.90 drone1  -1.2734  +0.1076  -0.7715  -1.0013  1.2172
  52.00 drone1  -1.2730  +0.1069  -0.7465  -1.0013  1.2269
  52.10 drone1  -1.2733  +0.1070  -0.7215  -1.0013  1.2380
  52.20 drone1  -1.2730  +0.1068  -0.6965  -1.0013  1.2491
  52.30 drone1  -1.2731  +0.1071  -0.6715  -1.0013  1.2611
  52.40 drone1  -1.2732  +0.1071  -0.6465  -1.0013  1.2733
  52.50 drone1  -1.2733  +0.1071  -0.6215  -1.0013  1.2858
  52.60 drone1  -1.2731  +0.1068  -0.5965  -1.0013  1.2983
  52.70 drone1  -1.2731  +0.1068  -0.5715  -1.0013  1.3116
  52.80 drone1  -1.2732  +0.1071  -0.5465  -1.0013  1.3254
  52.90 drone1  -1.2731  +0.1073  -0.5215  -1.0013  1.3394
  53.00 drone1  -1.2732  +0.1072  -0.4965  -1.0013  1.3535
  53.10 drone1  -1.2728  +0.1067  -0.4715  -1.0013  1.3674
  53.20 drone1  -1.2732  +0.1072  -0.4465  -1.0013  1.3828
  53.30 drone1  -1.2741  +0.1076  -0.4215  -1.0013  1.3988
  53.40 drone1  -1.2731  +0.1064  -0.3965  -1.0013  1.4126
  53.50 drone1  -1.2732  +0.1070  -0.3715  -1.0013  1.4288
  53.60 drone1  -1.2734  +0.1070  -0.3465  -1.0013  1.4448
  53.70 drone1  -1.2734  +0.1070  -0.3215  -1.0013  1.4609
  53.80 drone1  -1.2744  +0.1077  -0.2965  -1.0013  1.4786
  53.90 drone1  -1.2733  +0.1068  -0.2715  -1.0013  1.4938
  54.00 drone1  -1.2729  +0.1066  -0.2465  -1.0013  1.5103
  54.10 drone1  -1.2731  +0.1071  -0.2215  -1.0013  1.5278
  54.20 drone1  -1.2725  +0.1058  -0.1965  -1.0013  1.5438
  54.30 drone1  -1.2734  +0.1076  -0.1715  -1.0013  1.5632
  54.40 drone1  -1.2739  +0.1092  -0.1465  -1.0013  1.5825
  54.50 drone1  -1.2703  +0.1073  -0.1215  -1.0013  1.5965
  54.60 drone1  -1.2809  +0.1449  -0.0965  -1.0013  1.6482
  54.70 drone1  -1.2761  +0.1435  -0.0715  -1.0013  1.6618
  54.80 drone1  -1.2739  +0.1571  -0.0465  -1.0013  1.6877
  54.90 drone1  -1.2672  +0.1716  -0.0215  -1.0013  1.7110
  55.00 drone1  -1.2705  +0.1770  +0.0035  -1.0013  1.7353
  55.10 drone1  -1.2744  +0.1764  +0.0035  -0.9763  1.7210
  55.20 drone1  -1.2737  +0.1805  +0.0035  -0.9513  1.7065
  55.30 drone1  -1.2714  +0.1849  +0.0035  -0.9263  1.6912
  55.40 drone1  -1.2646  +0.1866  +0.0035  -0.9013  1.6708
  55.50 drone1  -1.2646  +0.1866  +0.0035  -0.8763  1.6546
  55.60 drone1  -1.2501  +0.1881  +0.0035  -0.8513  1.6285
  55.70 drone1  -1.2504  +0.1882  +0.0035  -0.8263  1.6128
  55.80 drone1  -1.2504  +0.1879  +0.0035  -0.8013  1.5972
  55.90 drone1  -1.2505  +0.1880  +0.0035  -0.7763  1.5819
  56.00 drone1  -1.2502  +0.1881  +0.0035  -0.7513  1.5666
  56.10 drone1  -1.2504  +0.1881  +0.0035  -0.7263  1.5519
  56.20 drone1  -1.2497  +0.1877  +0.0035  -0.7013  1.5365
  56.30 drone1  -1.2502  +0.1881  +0.0035  -0.6763  1.5228
  56.40 drone1  -1.2498  +0.1879  +0.0035  -0.6513  1.5083
  56.50 drone1  -1.2499  +0.1882  +0.0035  -0.6263  1.4948
  56.60 drone1  -1.2501  +0.1883  +0.0035  -0.6013  1.4815
  56.70 drone1  -1.2503  +0.1884  +0.0035  -0.5763  1.4686
  56.80 drone1  -1.2498  +0.1879  +0.0035  -0.5513  1.4550
  56.90 drone1  -1.2496  +0.1877  +0.0035  -0.5263  1.4422
  57.00 drone1  -1.2503  +0.1884  +0.0035  -0.5013  1.4310
  57.10 drone1  -1.2502  +0.1883  +0.0035  -0.4763  1.4189
  57.20 drone1  -1.2502  +0.1884  +0.0035  -0.4513  1.4075
  57.30 drone1  -1.2504  +0.1884  +0.0035  -0.4263  1.3964
  57.40 drone1  -1.2503  +0.1883  +0.0035  -0.4013  1.3855
  57.50 drone1  -1.2502  +0.1883  +0.0035  -0.3763  1.3750
  57.60 drone1  -1.2503  +0.1884  +0.0035  -0.3513  1.3650
  57.70 drone1  -1.2494  +0.1875  +0.0035  -0.3263  1.3541
  57.80 drone1  -1.2498  +0.1890  +0.0035  -0.3013  1.3458
  57.90 drone1  -1.2503  +0.1881  +0.0035  -0.2763  1.3370
  58.00 drone1  -1.2503  +0.1880  +0.0035  -0.2513  1.3285
  58.10 drone1  -1.2504  +0.1881  +0.0035  -0.2263  1.3206
  58.20 drone1  -1.2503  +0.1882  +0.0035  -0.2013  1.3129
  58.30 drone1  -1.2501  +0.1882  +0.0035  -0.1763  1.3055
  58.40 drone1  -1.2503  +0.1882  +0.0035  -0.1513  1.2990
  58.50 drone1  -1.2503  +0.1882  +0.0035  -0.1263  1.2926
  58.60 drone1  -1.2502  +0.1882  +0.0035  -0.1013  1.2867
  58.70 drone1  -1.2501  +0.1883  +0.0035  -0.0763  1.2812
  58.80 drone1  -1.2502  +0.1882  +0.0035  -0.0513  1.2764
  58.90 drone1  -1.2503  +0.1881  +0.0035  -0.0263  1.2720
  59.00 drone1  -1.2502  +0.1881  +0.0035  -0.0013  1.2679
  59.10 drone1  -1.2503  +0.1881  -0.0215  -0.0013  1.2433
  59.20 drone1  -1.2503  +0.1883  -0.0465  -0.0013  1.2186
  59.30 drone1  -1.2502  +0.1881  -0.0715  -0.0013  1.1939
  59.40 drone1  -1.2503  +0.1882  -0.0965  -0.0013  1.1693
  59.50 drone1  -1.2501  +0.1883  -0.1215  -0.0013  1.1444
  59.60 drone1  -1.2502  +0.1881  -0.1465  -0.0013  1.1198
  59.70 drone1  -1.2504  +0.1882  -0.1715  -0.0013  1.0954
  59.80 drone1  -1.2503  +0.1881  -0.1965  -0.0013  1.0706
  59.90 drone1  -1.2501  +0.1883  -0.2215  -0.0013  1.0460
  60.00 drone1  -1.2503  +0.1881  -0.2465  -0.0013  1.0215
  60.10 drone1  -1.2502  +0.1882  -0.2715  -0.0013  0.9969
  60.20 drone1  -1.2504  +0.1883  -0.2965  -0.0013  0.9725
  60.30 drone1  -1.2504  +0.1883  -0.3215  -0.0013  0.9480
  60.40 drone1  -1.2503  +0.1882  -0.3465  -0.0013  0.9235
  60.50 drone1  -1.2504  +0.1882  -0.3715  -0.0013  0.8990
  60.60 drone1  -1.2502  +0.1882  -0.3965  -0.0013  0.8745
  60.70 drone1  -1.2501  +0.1883  -0.4215  -0.0013  0.8501
  60.80 drone1  -1.2504  +0.1882  -0.4465  -0.0013  0.8259
  60.90 drone1  -1.2503  +0.1882  -0.4715  -0.0013  0.8016
