# Square flight log. Positions in metres, time in seconds
# since the algorithm started (motion begins at start_delay).
# t drone_id x y target_x target_y error
   0.10 drone1  +0.1337  -0.1496  +0.1337  -0.1496  0.0000
   0.20 drone1  +0.1167  -0.1798  +0.1337  -0.1496  0.0347
   0.30 drone1  +0.0751  -0.1967  +0.1337  -0.1496  0.0752
   0.40 drone1  +0.0417  -0.2270  +0.1337  -0.1496  0.1203
   0.50 drone1  -0.0001  -0.2298  +0.1337  -0.1496  0.1560
   0.60 drone1  -0.0440  -0.2164  +0.1337  -0.1496  0.1898
   0.70 drone1  -0.0917  -0.1756  +0.1337  -0.1496  0.2269
   0.80 drone1  -0.1281  -0.1269  +0.1337  -0.1496  0.2628
   0.90 drone1  -0.1634  -0.0415  +0.1337  -0.1496  0.3161
   1.00 drone1  -0.1823  +0.0708  +0.1337  -0.1496  0.3853
   1.10 drone1  -0.1783  +0.1647  +0.1337  -0.1496  0.4429
   1.20 drone1  -0.1461  +0.3186  +0.1337  -0.1496  0.5455
   1.30 drone1  -0.0668  +0.4777  +0.1337  -0.1496  0.6586
   1.40 drone1  +0.0751  +0.6482  +0.1337  -0.1496  0.7999
   1.50 drone1  +0.3235  +0.8252  +0.1337  -0.1496  0.9931
   1.60 drone1  +0.5967  +0.9301  +0.1337  -0.1496  1.1748
   1.70 drone1  +0.9444  +0.9560  +0.1337  -0.1496  1.3710
   1.80 drone1  +1.3314  +0.8799  +0.1337  -0.1496  1.5793
   1.90 drone1  +1.7293  +0.6376  +0.1337  -0.1496  1.7792
   2.00 drone1  +1.9622  +0.4232  +0.1337  -0.1496  1.9161
   2.10 drone1  +2.2828  -0.0714  +0.1337  -0.1496  2.1506
   2.20 drone1  +2.3739  -0.2584  +0.1337  -0.1496  2.2428
   2.30 drone1  +2.5227  -0.8609  +0.1337  -0.1496  2.4927
   2.40 drone1  +2.5851  -1.3810  +0.1337  -0.1496  2.7433
