# Square flight log. Positions in metres, time in seconds
# since the algorithm started (motion begins at start_delay).
# t drone_id x y target_x target_y error
   0.10 drone1  +0.0599  -0.0435  +0.0599  -0.0435  0.0000
   0.20 drone1  +0.0591  -0.0403  +0.0599  -0.0435  0.0034
   0.30 drone1  +0.0594  -0.0376  +0.0599  -0.0435  0.0060
   0.40 drone1  +0.0605  -0.0350  +0.0599  -0.0435  0.0086
   0.50 drone1  +0.0616  -0.0326  +0.0599  -0.0435  0.0110
   0.60 drone1  +0.0627  -0.0318  +0.0599  -0.0435  0.0120
   0.70 drone1  +0.0625  -0.0325  +0.0599  -0.0435  0.0113
   0.80 drone1  +0.0617  -0.0343  +0.0599  -0.0435  0.0094
   0.90 drone1  +0.0593  -0.0378  +0.0599  -0.0435  0.0058
   1.00 drone1  +0.0541  -0.0422  +0.0599  -0.0435  0.0060
   1.10 drone1  +0.0466  -0.0452  +0.0599  -0.0435  0.0134
   1.20 drone1  +0.0376  -0.0490  +0.0599  -0.0435  0.0229
   1.30 drone1  +0.0285  -0.0510  +0.0599  -0.0435  0.0323
   1.40 drone1  +0.0209  -0.0522  +0.0599  -0.0435  0.0399
   1.50 drone1  +0.0157  -0.0528  +0.0599  -0.0435  0.0452
   1.60 drone1  +0.0113  -0.0519  +0.0599  -0.0435  0.0493
   1.70 drone1  +0.0091  -0.0510  +0.0599  -0.0435  0.0514
   1.80 drone1  +0.0078  -0.0493  +0.0599  -0.0435  0.0524
   1.90 drone1  +0.0072  -0.0472  +0.0599  -0.0435  0.0528
   2.00 drone1  +0.0069  -0.0443  +0.0599  -0.0435  0.0530
   2.10 drone1  +0.0061  -0.0423  +0.0599  -0.0435  0.0538
   2.20 drone1  +0.0066  -0.0406  +0.0599  -0.0435  0.0534
   2.30 drone1  +0.0076  -0.0396  +0.0599  -0.0435  0.0525
   2.40 drone1  +0.0094  -0.0396  +0.0599  -0.0435  0.0506
   2.50 drone1  +0.0116  -0.0394  +0.0599  -0.0435  0.0485
   2.60 drone1  +0.0140  -0.0395  +0.0599  -0.0435  0.0461
   2.70 drone1  +0.0172  -0.0392  +0.0599  -0.0435  0.0429
   2.80 drone1  +0.0206  -0.0382  +0.0599  -0.0435  0.0397
   2.90 drone1  +0.0256  -0.0380  +0.0599  -0.0435  0.0347
   3.00 drone1  +0.0328  -0.0406  +0.0599  -0.0435  0.0273
   3.10 drone1  +0.0415  -0.0458  +0.0749  -0.0435  0.0335
   3.20 drone1  +0.0519  -0.0538  +0.0899  -0.0435  0.0394
   3.30 drone1  +0.0659  -0.0617  +0.1049  -0.0435  0.0430
   3.40 drone1  +0.0829  -0.0691  +0.1199  -0.0435  0.0450
   3.50 drone1  +0.1006  -0.0739  +0.1349  -0.0435  0.0458
   3.60 drone1  +0.1184  -0.0758  +0.1499  -0.0435  0.0451
   3.70 drone1  +0.1354  -0.0745  +0.1649  -0.0435  0.0427
   3.80 drone1  +0.1507  -0.0712  +0.1799  -0.0435  0.0402
   3.90 drone1  +0.1651  -0.0662  +0.1949  -0.0435  0.0375
   4.00 drone1  +0.1787  -0.0605  +0.2099  -0.0435  0.0355
   4.10 drone1  +0.1908  -0.0573  +0.2249  -0.0435  0.0368
   4.20 drone1  +0.2035  -0.0536  +0.2399  -0.0435  0.0378
   4.30 drone1  +0.2172  -0.0505  +0.2549  -0.0435  0.0383
   4.40 drone1  +0.2313  -0.0480  +0.2699  -0.0435  0.0389
   4.50 drone1  +0.2472  -0.0453  +0.2849  -0.0435  0.0377
   4.60 drone1  +0.2633  -0.0427  +0.2999  -0.0435  0.0367
   4.70 drone1  +0.2792  -0.0399  +0.3149  -0.0435  0.0359
   4.80 drone1  +0.2946  -0.0375  +0.3299  -0.0435  0.0358
   4.90 drone1  +0.3101  -0.0359  +0.3449  -0.0435  0.0356
   5.00 drone1  +0.3255  -0.0346  +0.3599  -0.0435  0.0356
   5.10 drone1  +0.3414  -0.0348  +0.3749  -0.0435  0.0346
   5.20 drone1  +0.3574  -0.0355  +0.3899  -0.0435  0.0335
   5.30 drone1  +0.3743  -0.0368  +0.4049  -0.0435  0.0314
   5.40 drone1  +0.3907  -0.0380  +0.4199  -0.0435  0.0298
   5.50 drone1  +0.4070  -0.0391  +0.4349  -0.0435  0.0282
   5.60 drone1  +0.4247  -0.0393  +0.4499  -0.0435  0.0256
   5.70 drone1  +0.4417  -0.0401  +0.4649  -0.0435  0.0234
   5.80 drone1  +0.4598  -0.0407  +0.4799  -0.0435  0.0203
   5.90 drone1  +0.4775  -0.0417  +0.4949  -0.0435  0.0175
   6.00 drone1  +0.4944  -0.0437  +0.5099  -0.0435  0.0155
   6.10 drone1  +0.5110  -0.0462  +0.5249  -0.0435  0.0142
   6.20 drone1  +0.5281  -0.0493  +0.5399  -0.0435  0.0132
   6.30 drone1  +0.5458  -0.0522  +0.5549  -0.0435  0.0125
   6.40 drone1  +0.5637  -0.0549  +0.5599  -0.0335  0.0217
   6.50 drone1  +0.5806  -0.0570  +0.5599  -0.0185  0.0437
   6.60 drone1  +0.5929  -0.0553  +0.5599  -0.0035  0.0614
   6.70 drone1  +0.5985  -0.0475  +0.5599  +0.0115  0.0704
   6.80 drone1  +0.5982  -0.0335  +0.5599  +0.0265  0.0711
   6.90 drone1  +0.5939  -0.0161  +0.5599  +0.0415  0.0669
   7.00 drone1  +0.5877  +0.0029  +0.5599  +0.0565  0.0603
   7.10 drone1  +0.5810  +0.0214  +0.5599  +0.0715  0.0543
   7.20 drone1  +0.5755  +0.0401  +0.5599  +0.0865  0.0489
   7.30 drone1  +0.5718  +0.0579  +0.5599  +0.1015  0.0452
   7.40 drone1  +0.5694  +0.0748  +0.5599  +0.1165  0.0427
   7.50 drone1  +0.5688  +0.0903  +0.5599  +0.1315  0.0421
   7.60 drone1  +0.5689  +0.1051  +0.5599  +0.1465  0.0423
   7.70 drone1  +0.5697  +0.1199  +0.5599  +0.1615  0.0427
   7.80 drone1  +0.5708  +0.1354  +0.5599  +0.1765  0.0425
   7.90 drone1  +0.5707  +0.1517  +0.5599  +0.1915  0.0412
   8.00 drone1  +0.5705  +0.1683  +0.5599  +0.2065  0.0396
   8.10 drone1  +0.5693  +0.1849  +0.5599  +0.2215  0.0377
   8.20 drone1  +0.5683  +0.2014  +0.5599  +0.2365  0.0361
   8.30 drone1  +0.5673  +0.2181  +0.5599  +0.2515  0.0342
   8.40 drone1  +0.5657  +0.2330  +0.5599  +0.2665  0.0339
   8.50 drone1  +0.5636  +0.2481  +0.5599  +0.2815  0.0336
   8.60 drone1  +0.5622  +0.2635  +0.5599  +0.2965  0.0330
   8.70 drone1  +0.5603  +0.2781  +0.5599  +0.3115  0.0334
   8.80 drone1  +0.5590  +0.2936  +0.5599  +0.3265  0.0329
   8.90 drone1  +0.5570  +0.3088  +0.5599  +0.3415  0.0328
   9.00 drone1  +0.5561  +0.3252  +0.5599  +0.3565  0.0315
   9.10 drone1  +0.5534  +0.3401  +0.5599  +0.3715  0.0320
   9.20 drone1  +0.5519  +0.3565  +0.5599  +0.3865  0.0311
   9.30 drone1  +0.5501  +0.3731  +0.5599  +0.4015  0.0300
   9.40 drone1  +0.5497  +0.3911  +0.5599  +0.4165  0.0274
   9.50 drone1  +0.5478  +0.4089  +0.5599  +0.4315  0.0256
   9.60 drone1  +0.5467  +0.4286  +0.5599  +0.4465  0.0222
   9.70 drone1  +0.5450  +0.4472  +0.5549  +0.4565  0.0135
   9.80 drone1  +0.5430  +0.4653  +0.5399  +0.4565  0.0094
   9.90 drone1  +0.5384  +0.4797  +0.5249  +0.4565  0.0269
  10.00 drone1  +0.5287  +0.4884  +0.5099  +0.4565  0.0370
  10.10 drone1  +0.5130  +0.4910  +0.4949  +0.4565  0.0390
  10.20 drone1  +0.4941  +0.4901  +0.4799  +0.4565  0.0365
  10.30 drone1  +0.4736  +0.4870  +0.4649  +0.4565  0.0317
  10.40 drone1  +0.4542  +0.4829  +0.4499  +0.4565  0.0267
  10.50 drone1  +0.4375  +0.4807  +0.4349  +0.4565  0.0243
  10.60 drone1  +0.4217  +0.4786  +0.4199  +0.4565  0.0222
  10.70 drone1  +0.4073  +0.4769  +0.4049  +0.4565  0.0206
  10.80 drone1  +0.3935  +0.4757  +0.3899  +0.4565  0.0195
  10.90 drone1  +0.3838  +0.4745  +0.3749  +0.4565  0.0201
  11.00 drone1  +0.3644  +0.4705  +0.3599  +0.4565  0.0147
  11.10 drone1  +0.3484  +0.4676  +0.3449  +0.4565  0.0117
  11.20 drone1  +0.3318  +0.4626  +0.3299  +0.4565  0.0065
  11.30 drone1  +0.3158  +0.4570  +0.3149  +0.4565  0.0011
  11.40 drone1  +0.3007  +0.4505  +0.2999  +0.4565  0.0060
  11.50 drone1  +0.2884  +0.4442  +0.2849  +0.4565  0.0127
  11.60 drone1  +0.2770  +0.4359  +0.2699  +0.4565  0.0217
  11.70 drone1  +0.2670  +0.4299  +0.2549  +0.4565  0.0292
  11.80 drone1  +0.2573  +0.4260  +0.2399  +0.4565  0.0350
  11.90 drone1  +0.2469  +0.4231  +0.2249  +0.4565  0.0400
  12.00 drone1  +0.2353  +0.4228  +0.2099  +0.4565  0.0422
  12.10 drone1  +0.2230  +0.4229  +0.1949  +0.4565  0.0438
  12.20 drone1  +0.2093  +0.4241  +0.1799  +0.4565  0.0437
  12.30 drone1  +0.1947  +0.4242  +0.1649  +0.4565  0.0440
  12.40 drone1  +0.1793  +0.4238  +0.1499  +0.4565  0.0439
  12.50 drone1  +0.1639  +0.4228  +0.1349  +0.4565  0.0444
  12.60 drone1  +0.1479  +0.4227  +0.1199  +0.4565  0.0439
  12.70 drone1  +0.1310  +0.4218  +0.1049  +0.4565  0.0434
  12.80 drone1  +0.1148  +0.4219  +0.0899  +0.4565  0.0426
  12.90 drone1  +0.0990  +0.4227  +0.0749  +0.4565  0.0415
  13.00 drone1  +0.0833  +0.4241  +0.0599  +0.4565  0.0399
  13.10 drone1  +0.0673  +0.4275  +0.0599  +0.4415  0.0158
  13.20 drone1  +0.0504  +0.4290  +0.0599  +0.4265  0.0099
  13.30 drone1  +0.0364  +0.4277  +0.0599  +0.4115  0.0286
  13.40 drone1  +0.0293  +0.4203  +0.0599  +0.3965  0.0387
  13.50 drone1  +0.0302  +0.4054  +0.0599  +0.3815  0.0381
  13.60 drone1  +0.0360  +0.3876  +0.0599  +0.3665  0.0319
  13.70 drone1  +0.0456  +0.3646  +0.0599  +0.3515  0.0195
  13.80 drone1  +0.0552  +0.3437  +0.0599  +0.3365  0.0086
  13.90 drone1  +0.0628  +0.3256  +0.0599  +0.3215  0.0051
  14.00 drone1  +0.0678  +0.3108  +0.0599  +0.3065  0.0090
  14.10 drone1  +0.0705  +0.2982  +0.0599  +0.2915  0.0125
  14.20 drone1  +0.0711  +0.2873  +0.0599  +0.2765  0.0156
  14.30 drone1  +0.0706  +0.2765  +0.0599  +0.2615  0.0185
  14.40 drone1  +0.0692  +0.2645  +0.0599  +0.2465  0.0203
  14.50 drone1  +0.0667  +0.2504  +0.0599  +0.2315  0.0201
  14.60 drone1  +0.0647  +0.2345  +0.0599  +0.2165  0.0186
  14.70 drone1  +0.0633  +0.2168  +0.0599  +0.2015  0.0157
  14.80 drone1  +0.0624  +0.1988  +0.0599  +0.1865  0.0126
  14.90 drone1  +0.0619  +0.1825  +0.0599  +0.1715  0.0112
  15.00 drone1  +0.0619  +0.1681  +0.0599  +0.1565  0.0118
  15.10 drone1  +0.0614  +0.1550  +0.0599  +0.1415  0.0137
  15.20 drone1  +0.0599  +0.1428  +0.0599  +0.1265  0.0163
  15.30 drone1  +0.0572  +0.1305  +0.0599  +0.1115  0.0192
  15.40 drone1  +0.0534  +0.1169  +0.0599  +0.0965  0.0215
  15.50 drone1  +0.0489  +0.1023  +0.0599  +0.0815  0.0236
  15.60 drone1  +0.0454  +0.0904  +0.0599  +0.0665  0.0280
  15.70 drone1  +0.0405  +0.0709  +0.0599  +0.0515  0.0275
  15.80 drone1  +0.0386  +0.0527  +0.0599  +0.0365  0.0268
  15.90 drone1  +0.0377  +0.0352  +0.0599  +0.0215  0.0261
  16.00 drone1  +0.0380  +0.0185  +0.0599  +0.0065  0.0251
  16.10 drone1  +0.0387  +0.0032  +0.0599  -0.0085  0.0242
  16.20 drone1  +0.0388  -0.0109  +0.0599  -0.0235  0.0246
  16.30 drone1  +0.0385  -0.0244  +0.0599  -0.0385  0.0256
  16.40 drone1  +0.0379  -0.0388  +0.0699  -0.0435  0.0324
  16.50 drone1  +0.0376  -0.0537  +0.0849  -0.0435  0.0484
  16.60 drone1  +0.0414  -0.0655  +0.0999  -0.0435  0.0625
  16.70 drone1  +0.0515  -0.0723  +0.1149  -0.0435  0.0697
  16.80 drone1  +0.0674  -0.0740  +0.1299  -0.0435  0.0696
  16.90 drone1  +0.0813  -0.0726  +0.1449  -0.0435  0.0700
  17.00 drone1  +0.1088  -0.0673  +0.1599  -0.0435  0.0564
  17.10 drone1  +0.1299  -0.0635  +0.1749  -0.0435  0.0492
  17.20 drone1  +0.1493  -0.0599  +0.1899  -0.0435  0.0438
  17.30 drone1  +0.1678  -0.0581  +0.2049  -0.0435  0.0399
  17.40 drone1  +0.1852  -0.0562  +0.2199  -0.0435  0.0369
  17.50 drone1  +0.2021  -0.0551  +0.2349  -0.0435  0.0348
  17.60 drone1  +0.2179  -0.0540  +0.2499  -0.0435  0.0337
  17.70 drone1  +0.2332  -0.0540  +0.2649  -0.0435  0.0334
  17.80 drone1  +0.2484  -0.0540  +0.2799  -0.0435  0.0332
  17.90 drone1  +0.2642  -0.0552  +0.2949  -0.0435  0.0328
  18.00 drone1  +0.2802  -0.0565  +0.3099  -0.0435  0.0324
  18.10 drone1  +0.2987  -0.0582  +0.3249  -0.0435  0.0300
  18.20 drone1  +0.3187  -0.0594  +0.3399  -0.0435  0.0265
  18.30 drone1  +0.3389  -0.0596  +0.3549  -0.0435  0.0227
  18.40 drone1  +0.3554  -0.0589  +0.3699  -0.0435  0.0211
  18.50 drone1  +0.3702  -0.0567  +0.3849  -0.0435  0.0198
  18.60 drone1  +0.3818  -0.0553  +0.3999  -0.0435  0.0216
  18.70 drone1  +0.3923  -0.0535  +0.4149  -0.0435  0.0248
  18.80 drone1  +0.4034  -0.0526  +0.4299  -0.0435  0.0280
  18.90 drone1  +0.4146  -0.0525  +0.4449  -0.0435  0.0316
  19.00 drone1  +0.4278  -0.0534  +0.4599  -0.0435  0.0336
  19.10 drone1  +0.4418  -0.0548  +0.4749  -0.0435  0.0350
  19.20 drone1  +0.4566  -0.0566  +0.4899  -0.0435  0.0358
  19.30 drone1  +0.4722  -0.0582  +0.5049  -0.0435  0.0359
  19.40 drone1  +0.4882  -0.0597  +0.5199  -0.0435  0.0356
  19.50 drone1  +0.5046  -0.0608  +0.5349  -0.0435  0.0349
  19.60 drone1  +0.5214  -0.0613  +0.5499  -0.0435  0.0336
  19.70 drone1  +0.5381  -0.0619  +0.5599  -0.0385  0.0320
  19.80 drone1  +0.5538  -0.0624  +0.5599  -0.0235  0.0393
  19.90 drone1  +0.5675  -0.0611  +0.5599  -0.0085  0.0531
  20.00 drone1  +0.5750  -0.0540  +0.5599  +0.0065  0.0623
  20.10 drone1  +0.5763  -0.0410  +0.5599  +0.0215  0.0646
  20.20 drone1  +0.5732  -0.0228  +0.5599  +0.0365  0.0608
  20.30 drone1  +0.5688  -0.0019  +0.5599  +0.0515  0.0541
  20.40 drone1  +0.5644  +0.0196  +0.5599  +0.0665  0.0471
  20.50 drone1  +0.5615  +0.0404  +0.5599  +0.0815  0.0411
  20.60 drone1  +0.5608  +0.0595  +0.5599  +0.0965  0.0370
  20.70 drone1  +0.5625  +0.0781  +0.5599  +0.1115  0.0335
  20.80 drone1  +0.5650  +0.0945  +0.5599  +0.1265  0.0324
  20.90 drone1  +0.5681  +0.1105  +0.5599  +0.1415  0.0321
  21.00 drone1  +0.5711  +0.1263  +0.5599  +0.1565  0.0321
  21.10 drone1  +0.5726  +0.1367  +0.5599  +0.1715  0.0370
  21.20 drone1  +0.5741  +0.1573  +0.5599  +0.1865  0.0324
  21.30 drone1  +0.5751  +0.1744  +0.5599  +0.2015  0.0310
  21.40 drone1  +0.5754  +0.1918  +0.5599  +0.2165  0.0291
  21.50 drone1  +0.5750  +0.2098  +0.5599  +0.2315  0.0264
  21.60 drone1  +0.5745  +0.2292  +0.5599  +0.2465  0.0226
  21.70 drone1  +0.5745  +0.2489  +0.5599  +0.2615  0.0192
  21.80 drone1  +0.5741  +0.2682  +0.5599  +0.2765  0.0164
  21.90 drone1  +0.5727  +0.2855  +0.5599  +0.2915  0.0141
  22.00 drone1  +0.5705  +0.3012  +0.5599  +0.3065  0.0118
  22.10 drone1  +0.5675  +0.3158  +0.5599  +0.3215  0.0094
  22.20 drone1  +0.5637  +0.3306  +0.5599  +0.3365  0.0070
  22.30 drone1  +0.5602  +0.3449  +0.5599  +0.3515  0.0066
  22.40 drone1  +0.5572  +0.3602  +0.5599  +0.3665  0.0068
  22.50 drone1  +0.5551  +0.3758  +0.5599  +0.3815  0.0074
  22.60 drone1  +0.5526  +0.3918  +0.5599  +0.3965  0.0087
  22.70 drone1  +0.5500  +0.4069  +0.5599  +0.4115  0.0109
  22.80 drone1  +0.5482  +0.4223  +0.5599  +0.4265  0.0124
  22.90 drone1  +0.5463  +0.4346  +0.5599  +0.4415  0.0152
  23.00 drone1  +0.5440  +0.4422  +0.5599  +0.4565  0.0214
  23.10 drone1  +0.5418  +0.4456  +0.5449  +0.4565  0.0113
  23.20 drone1  +0.5392  +0.4463  +0.5299  +0.4565  0.0138
  23.30 drone1  +0.5370  +0.4461  +0.5149  +0.4565  0.0244
  23.40 drone1  +0.5342  +0.4440  +0.4999  +0.4565  0.0365
  23.50 drone1  +0.5328  +0.4426  +0.4849  +0.4565  0.0499
  23.60 drone1  +0.5320  +0.4411  +0.4699  +0.4565  0.0639
  23.70 drone1  +0.5316  +0.4402  +0.4549  +0.4565  0.0784
  23.80 drone1  +0.5309  +0.4381  +0.4399  +0.4565  0.0928
  23.90 drone1  +0.5314  +0.4361  +0.4249  +0.4565  0.1084
  24.00 drone1  +0.5328  +0.4339  +0.4099  +0.4565  0.1249
  24.10 drone1  +0.5349  +0.4316  +0.3949  +0.4565  0.1421
  24.20 drone1  +0.5376  +0.4299  +0.3799  +0.4565  0.1600
  24.30 drone1  +0.5406  +0.4286  +0.3649  +0.4565  0.1779
  24.40 drone1  +0.5445  +0.4279  +0.3499  +0.4565  0.1967
  24.50 drone1  +0.5484  +0.4282  +0.3349  +0.4565  0.2153
  24.60 drone1  +0.5508  +0.4279  +0.3199  +0.4565  0.2326
  24.70 drone1  +0.5522  +0.4277  +0.3049  +0.4565  0.2490
  24.80 drone1  +0.5531  +0.4264  +0.2899  +0.4565  0.2649
  24.90 drone1  +0.5529  +0.4243  +0.2749  +0.4565  0.2799
  25.00 drone1  +0.5528  +0.4213  +0.2599  +0.4565  0.2950
  25.10 drone1  +0.5518  +0.4188  +0.2449  +0.4565  0.3092
  25.20 drone1  +0.5513  +0.4161  +0.2299  +0.4565  0.3239
  25.30 drone1  +0.5502  +0.4145  +0.2149  +0.4565  0.3379
  25.40 drone1  +0.5511  +0.4124  +0.1999  +0.4565  0.3540
  25.50 drone1  +0.5512  +0.4104  +0.1849  +0.4565  0.3691
  25.60 drone1  +0.5519  +0.4100  +0.1699  +0.4565  0.3848
  25.70 drone1  +0.5541  +0.4097  +0.1549  +0.4565  0.4019
  25.80 drone1  +0.5605  +0.4096  +0.1399  +0.4565  0.4232
  25.90 drone1  +0.5680  +0.4092  +0.1249  +0.4565  0.4456
  26.00 drone1  +0.5760  +0.4098  +0.1099  +0.4565  0.4684
  26.10 drone1  +0.5827  +0.4099  +0.0949  +0.4565  0.4900
  26.20 drone1  +0.5874  +0.4105  +0.0799  +0.4565  0.5096
  26.30 drone1  +0.5904  +0.4110  +0.0649  +0.4565  0.5274
  26.40 drone1  +0.5902  +0.4126  +0.0599  +0.4465  0.5313
  26.50 drone1  +0.5880  +0.4148  +0.0599  +0.4315  0.5283
  26.60 drone1  +0.5846  +0.4160  +0.0599  +0.4165  0.5246
  26.70 drone1  +0.5818  +0.4157  +0.0599  +0.4015  0.5220
  26.80 drone1  +0.5785  +0.4147  +0.0599  +0.3865  0.5194
  26.90 drone1  +0.5764  +0.4128  +0.0599  +0.3715  0.5181
  27.00 drone1  +0.5765  +0.4129  +0.0599  +0.3565  0.5197
  27.10 drone1  +0.5767  +0.4125  +0.0599  +0.3415  0.5216
  27.20 drone1  +0.5764  +0.4127  +0.0599  +0.3265  0.5236
  27.30 drone1  +0.5766  +0.4127  +0.0599  +0.3115  0.5265
  27.40 drone1  +0.5767  +0.4124  +0.0599  +0.2965  0.5296
  27.50 drone1  +0.5766  +0.4125  +0.0599  +0.2815  0.5331
  27.60 drone1  +0.5765  +0.4129  +0.0599  +0.2665  0.5369
  27.70 drone1  +0.5767  +0.4129  +0.0599  +0.2515  0.5414
  27.80 drone1  +0.5765  +0.4127  +0.0599  +0.2365  0.5458
  27.90 drone1  +0.5764  +0.4129  +0.0599  +0.2215  0.5508
  28.00 drone1  +0.5764  +0.4126  +0.0599  +0.2065  0.5561
  28.10 drone1  +0.5767  +0.4125  +0.0599  +0.1915  0.5621
  28.20 drone1  +0.5766  +0.4130  +0.0599  +0.1765  0.5682
  28.30 drone1  +0.5765  +0.4124  +0.0599  +0.1615  0.5743
  28.40 drone1  +0.5766  +0.4123  +0.0599  +0.1465  0.5811
  28.50 drone1  +0.5767  +0.4123  +0.0599  +0.1315  0.5882
  28.60 drone1  +0.5768  +0.4124  +0.0599  +0.1165  0.5956
  28.70 drone1  +0.5768  +0.4124  +0.0599  +0.1015  0.6032
  28.80 drone1  +0.5768  +0.4124  +0.0599  +0.0865  0.6111
  28.90 drone1  +0.5766  +0.4127  +0.0599  +0.0715  0.6193
  29.00 drone1  +0.5768  +0.4124  +0.0599  +0.0565  0.6276
  29.10 drone1  +0.5768  +0.4124  +0.0599  +0.0415  0.6362
  29.20 drone1  +0.5768  +0.4124  +0.0599  +0.0265  0.6451
  29.30 drone1  +0.5767  +0.4123  +0.0599  +0.0115  0.6540
  29.40 drone1  +0.5768  +0.4124  +0.0599  -0.0035  0.6634
  29.50 drone1  +0.5766  +0.4127  +0.0599  -0.0185  0.6730
  29.60 drone1  +0.5766  +0.4128  +0.0599  -0.0335  0.6828
  29.70 drone1  +0.5768  +0.4124  +0.0649  -0.0435  0.6855
  29.80 drone1  +0.5768  +0.4124  +0.0799  -0.0435  0.6744
  29.90 drone1  +0.5766  +0.4127  +0.0949  -0.0435  0.6635
  30.00 drone1  +0.5768  +0.4124  +0.1099  -0.0435  0.6526
  30.10 drone1  +0.5768  +0.4124  +0.1249  -0.0435  0.6420
  30.20 drone1  +0.5768  +0.4124  +0.1399  -0.0435  0.6315
  30.30 drone1  +0.5766  +0.4127  +0.1549  -0.0435  0.6213
  30.40 drone1  +0.5767  +0.4127  +0.1699  -0.0435  0.6112
  30.50 drone1  +0.5767  +0.4127  +0.1849  -0.0435  0.6014
  30.60 drone1  +0.5768  +0.4124  +0.1999  -0.0435  0.5915
  30.70 drone1  +0.5768  +0.4124  +0.2149  -0.0435  0.5821
  30.80 drone1  +0.5767  +0.4123  +0.2299  -0.0435  0.5727
  30.90 drone1  +0.5767  +0.4123  +0.2449  -0.0435  0.5638
  31.00 drone1  +0.5768  +0.4124  +0.2599  -0.0435  0.5553
  31.10 drone1  +0.5768  +0.4124  +0.2749  -0.0435  0.5468
  31.20 drone1  +0.5767  +0.4123  +0.2899  -0.0435  0.5386
  31.30 drone1  +0.5768  +0.4124  +0.3049  -0.0435  0.5308
  31.40 drone1  +0.5766  +0.4126  +0.3199  -0.0435  0.5234
  31.50 drone1  +0.5766  +0.4127  +0.3349  -0.0435  0.5163
  31.60 drone1  +0.5767  +0.4127  +0.3499  -0.0435  0.5095
  31.70 drone1  +0.5768  +0.4124  +0.3649  -0.0435  0.5027
  31.80 drone1  +0.5768  +0.4124  +0.3799  -0.0435  0.4967
  31.90 drone1  +0.5768  +0.4124  +0.3949  -0.0435  0.4909
  32.00 drone1  +0.5767  +0.4127  +0.4099  -0.0435  0.4857
  32.10 drone1  +0.5766  +0.4123  +0.4249  -0.0435  0.4804
  32.20 drone1  +0.5767  +0.4123  +0.4399  -0.0435  0.4759
  32.30 drone1  +0.5768  +0.4124  +0.4549  -0.0435  0.4719
  32.40 drone1  +0.5768  +0.4124  +0.4699  -0.0435  0.4683
  32.50 drone1  +0.5768  +0.4124  +0.4849  -0.0435  0.4651
  32.60 drone1  +0.5768  +0.4124  +0.4999  -0.0435  0.4623
  32.70 drone1  +0.5768  +0.4124  +0.5149  -0.0435  0.4601
  32.80 drone1  +0.5765  +0.4126  +0.5299  -0.0435  0.4585
  32.90 drone1  +0.5766  +0.4127  +0.5449  -0.0435  0.4573
  33.00 drone1  +0.5768  +0.4124  +0.5599  -0.0435  0.4562
  33.10 drone1  +0.5768  +0.4124  +0.5599  -0.0285  0.4412
  33.20 drone1  +0.5768  +0.4124  +0.5599  -0.0135  0.4263
  33.30 drone1  +0.5765  +0.4126  +0.5599  +0.0015  0.4115
  33.40 drone1  +0.5768  +0.4124  +0.5599  +0.0165  0.3963
  33.50 drone1  +0.5766  +0.4127  +0.5599  +0.0315  0.3816
  33.60 drone1  +0.5765  +0.4126  +0.5599  +0.0465  0.3665
  33.70 drone1  +0.5768  +0.4124  +0.5599  +0.0615  0.3513
  33.80 drone1  +0.5768  +0.4124  +0.5599  +0.0765  0.3363
  33.90 drone1  +0.5768  +0.4124  +0.5599  +0.0915  0.3213
  34.00 drone1  +0.5768  +0.4124  +0.5599  +0.1065  0.3064
  34.10 drone1  +0.5767  +0.4127  +0.5599  +0.1215  0.2917
  34.20 drone1  +0.5768  +0.4124  +0.5599  +0.1365  0.2764
  34.30 drone1  +0.5768  +0.4124  +0.5599  +0.1515  0.2615
  34.40 drone1  +0.5768  +0.4123  +0.5599  +0.1665  0.2465
  34.50 drone1  +0.5768  +0.4124  +0.5599  +0.1815  0.2315
  34.60 drone1  +0.5768  +0.4124  +0.5599  +0.1965  0.2165
  34.70 drone1  +0.5768  +0.4124  +0.5599  +0.2115  0.2016
  34.80 drone1  +0.5768  +0.4124  +0.5599  +0.2265  0.1867
  34.90 drone1  +0.5765  +0.4126  +0.5599  +0.2415  0.1720
  35.00 drone1  +0.5768  +0.4124  +0.5599  +0.2565  0.1568
  35.10 drone1  +0.5768  +0.4124  +0.5599  +0.2715  0.1419
  35.20 drone1  +0.5768  +0.4123  +0.5599  +0.2865  0.1270
  35.30 drone1  +0.5768  +0.4124  +0.5599  +0.3015  0.1122
  35.40 drone1  +0.5765  +0.4126  +0.5599  +0.3165  0.0976
  35.50 drone1  +0.5768  +0.4124  +0.5599  +0.3315  0.0827
