# Square flight log. Positions in metres, time in seconds
# since the algorithm started (motion begins at start_delay).
# t drone_id x y target_x target_y error
   0.10 drone1  +0.1055  +0.0550  +0.1055  +0.0550  0.0000
   0.20 drone1  +0.1055  +0.0550  +0.1055  +0.0550  0.0000
   0.30 drone1  +0.1054  +0.0547  +0.1055  +0.0550  0.0004
   0.40 drone1  +0.1054  +0.0552  +0.1055  +0.0550  0.0002
   0.50 drone1  +0.1055  +0.0553  +0.1055  +0.0550  0.0003
   0.60 drone1  +0.1055  +0.0552  +0.1055  +0.0550  0.0002
   0.70 drone1  +0.1054  +0.0552  +0.1055  +0.0550  0.0002
   0.80 drone1  +0.1056  +0.0549  +0.1055  +0.0550  0.0001
   0.90 drone1  +0.1054  +0.0551  +0.1055  +0.0550  0.0002
   1.00 drone1  +0.1055  +0.0552  +0.1055  +0.0550  0.0002
   1.10 drone1  +0.1056  +0.0547  +0.1055  +0.0550  0.0004
   1.20 drone1  +0.1056  +0.0547  +0.1055  +0.0550  0.0003
   1.30 drone1  +0.1059  +0.0550  +0.1055  +0.0550  0.0004
   1.40 drone1  +0.1066  +0.0558  +0.1055  +0.0550  0.0014
   1.50 drone1  +0.1069  +0.0564  +0.1055  +0.0550  0.0019
   1.60 drone1  +0.1081  +0.0569  +0.1055  +0.0550  0.0032
   1.70 drone1  +0.1097  +0.0578  +0.1055  +0.0550  0.0051
   1.80 drone1  +0.1126  +0.0584  +0.1055  +0.0550  0.0079
   1.90 drone1  +0.1165  +0.0583  +0.1055  +0.0550  0.0114
   2.00 drone1  +0.1226  +0.0570  +0.1055  +0.0550  0.0172
   2.10 drone1  +0.1292  +0.0525  +0.1055  +0.0550  0.0238
   2.20 drone1  +0.1372  +0.0484  +0.1055  +0.0550  0.0324
   2.30 drone1  +0.1428  +0.0428  +0.1055  +0.0550  0.0392
   2.40 drone1  +0.1478  +0.0378  +0.1055  +0.0550  0.0456
   2.50 drone1  +0.1513  +0.0334  +0.1055  +0.0550  0.0506
   2.60 drone1  +0.1522  +0.0293  +0.1055  +0.0550  0.0534
   2.70 drone1  +0.1506  +0.0258  +0.1055  +0.0550  0.0537
   2.80 drone1  +0.1489  +0.0255  +0.1055  +0.0550  0.0524
   2.90 drone1  +0.1467  +0.0257  +0.1055  +0.0550  0.0506
   3.00 drone1  +0.1431  +0.0262  +0.1055  +0.0550  0.0474
   3.10 drone1  +0.1400  +0.0265  +0.1205  +0.0550  0.0346
   3.20 drone1  +0.1359  +0.0269  +0.1355  +0.0550  0.0281
   3.30 drone1  +0.1314  +0.0276  +0.1505  +0.0550  0.0335
   3.40 drone1  +0.1270  +0.0277  +0.1655  +0.0550  0.0472
   3.50 drone1  +0.1235  +0.0283  +0.1805  +0.0550  0.0630
   3.60 drone1  +0.1203  +0.0292  +0.1955  +0.0550  0.0795
   3.70 drone1  +0.1174  +0.0291  +0.2105  +0.0550  0.0967
   3.80 drone1  +0.1139  +0.0298  +0.2255  +0.0550  0.1144
   3.90 drone1  +0.1106  +0.0303  +0.2405  +0.0550  0.1322
   4.00 drone1  +0.1066  +0.0302  +0.2555  +0.0550  0.1510
   4.10 drone1  +0.1032  +0.0295  +0.2705  +0.0550  0.1693
   4.20 drone1  +0.1004  +0.0273  +0.2855  +0.0550  0.1871
   4.30 drone1  +0.0977  +0.0241  +0.3005  +0.0550  0.2052
   4.40 drone1  +0.0965  +0.0196  +0.3155  +0.0550  0.2218
   4.50 drone1  +0.0961  +0.0147  +0.3305  +0.0550  0.2378
   4.60 drone1  +0.0971  +0.0098  +0.3455  +0.0550  0.2525
   4.70 drone1  +0.0987  +0.0062  +0.3605  +0.0550  0.2663
   4.80 drone1  +0.1004  +0.0044  +0.3755  +0.0550  0.2797
   4.90 drone1  +0.1023  +0.0031  +0.3905  +0.0550  0.2929
   5.00 drone1  +0.1027  +0.0030  +0.4055  +0.0550  0.3072
   5.10 drone1  +0.1032  +0.0024  +0.4205  +0.0550  0.3216
   5.20 drone1  +0.1022  +0.0025  +0.4355  +0.0550  0.3374
   5.30 drone1  +0.1015  +0.0025  +0.4505  +0.0550  0.3529
   5.40 drone1  +0.1014  +0.0024  +0.4655  +0.0550  0.3679
   5.50 drone1  +0.1004  +0.0030  +0.4805  +0.0550  0.3837
   5.60 drone1  +0.0994  +0.0036  +0.4955  +0.0550  0.3994
   5.70 drone1  +0.0986  +0.0039  +0.5105  +0.0550  0.4151
   5.80 drone1  +0.1003  +0.0024  +0.5255  +0.0550  0.4284
   5.90 drone1  +0.1046  -0.0010  +0.5405  +0.0550  0.4395
   6.00 drone1  +0.1134  -0.0058  +0.5555  +0.0550  0.4463
   6.10 drone1  +0.1267  -0.0097  +0.5705  +0.0550  0.4485
   6.20 drone1  +0.1444  -0.0108  +0.5855  +0.0550  0.4460
   6.30 drone1  +0.1657  -0.0097  +0.6005  +0.0550  0.4396
   6.40 drone1  +0.1908  -0.0057  +0.6055  +0.0650  0.4207
   6.50 drone1  +0.2191  +0.0004  +0.6055  +0.0800  0.3946
   6.60 drone1  +0.2498  +0.0085  +0.6055  +0.0950  0.3661
   6.70 drone1  +0.2826  +0.0181  +0.6055  +0.1100  0.3358
   6.80 drone1  +0.3173  +0.0286  +0.6055  +0.1250  0.3039
   6.90 drone1  +0.3532  +0.0399  +0.6055  +0.1400  0.2714
   7.00 drone1  +0.3913  +0.0518  +0.6055  +0.1550  0.2378
   7.10 drone1  +0.4310  +0.0650  +0.6055  +0.1700  0.2037
   7.20 drone1  +0.4694  +0.0786  +0.6055  +0.1850  0.1727
   7.30 drone1  +0.5073  +0.0934  +0.6055  +0.2000  0.1449
   7.40 drone1  +0.5446  +0.1099  +0.6055  +0.2150  0.1215
   7.50 drone1  +0.5806  +0.1280  +0.6055  +0.2300  0.1050
   7.60 drone1  +0.6147  +0.1480  +0.6055  +0.2450  0.0974
   7.70 drone1  +0.6478  +0.1696  +0.6055  +0.2600  0.0998
   7.80 drone1  +0.6780  +0.1921  +0.6055  +0.2750  0.1101
   7.90 drone1  +0.7062  +0.2162  +0.6055  +0.2900  0.1248
   8.00 drone1  +0.7305  +0.2409  +0.6055  +0.3050  0.1405
   8.10 drone1  +0.7510  +0.2654  +0.6055  +0.3200  0.1554
   8.20 drone1  +0.7668  +0.2903  +0.6055  +0.3350  0.1674
   8.30 drone1  +0.7779  +0.3132  +0.6055  +0.3500  0.1763
   8.40 drone1  +0.7850  +0.3333  +0.6055  +0.3650  0.1823
   8.50 drone1  +0.7897  +0.3543  +0.6055  +0.3800  0.1859
   8.60 drone1  +0.7910  +0.3766  +0.6055  +0.3950  0.1863
   8.70 drone1  +0.7898  +0.3966  +0.6055  +0.4100  0.1848
   8.80 drone1  +0.7876  +0.4159  +0.6055  +0.4250  0.1823
   8.90 drone1  +0.7858  +0.4347  +0.6055  +0.4400  0.1804
   9.00 drone1  +0.7830  +0.4509  +0.6055  +0.4550  0.1775
   9.10 drone1  +0.7804  +0.4689  +0.6055  +0.4700  0.1749
   9.20 drone1  +0.7750  +0.4846  +0.6055  +0.4850  0.1695
   9.30 drone1  +0.7689  +0.5018  +0.6055  +0.5000  0.1634
   9.40 drone1  +0.7612  +0.5191  +0.6055  +0.5150  0.1557
   9.50 drone1  +0.7510  +0.5353  +0.6055  +0.5300  0.1456
   9.60 drone1  +0.7408  +0.5517  +0.6055  +0.5450  0.1355
   9.70 drone1  +0.7301  +0.5705  +0.6005  +0.5550  0.1305
   9.80 drone1  +0.7172  +0.5891  +0.5855  +0.5550  0.1361
   9.90 drone1  +0.7039  +0.6095  +0.5705  +0.5550  0.1441
  10.00 drone1  +0.6895  +0.6313  +0.5555  +0.5550  0.1542
  10.10 drone1  +0.6738  +0.6518  +0.5405  +0.5550  0.1647
  10.20 drone1  +0.6574  +0.6696  +0.5255  +0.5550  0.1747
  10.30 drone1  +0.6395  +0.6834  +0.5105  +0.5550  0.1820
  10.40 drone1  +0.6201  +0.6936  +0.4955  +0.5550  0.1863
  10.50 drone1  +0.5978  +0.6985  +0.4805  +0.5550  0.1853
  10.60 drone1  +0.5760  +0.7010  +0.4655  +0.5550  0.1831
  10.70 drone1  +0.5539  +0.6991  +0.4505  +0.5550  0.1773
  10.80 drone1  +0.5336  +0.6942  +0.4355  +0.5550  0.1703
  10.90 drone1  +0.5143  +0.6867  +0.4205  +0.5550  0.1617
  11.00 drone1  +0.4953  +0.6782  +0.4055  +0.5550  0.1524
  11.10 drone1  +0.4751  +0.6702  +0.3905  +0.5550  0.1429
  11.20 drone1  +0.4528  +0.6636  +0.3755  +0.5550  0.1333
  11.30 drone1  +0.4287  +0.6601  +0.3605  +0.5550  0.1252
  11.40 drone1  +0.4037  +0.6594  +0.3455  +0.5550  0.1195
  11.50 drone1  +0.3774  +0.6621  +0.3305  +0.5550  0.1169
  11.60 drone1  +0.3491  +0.6628  +0.3155  +0.5550  0.1128
  11.70 drone1  +0.3204  +0.6621  +0.3005  +0.5550  0.1089
  11.80 drone1  +0.2913  +0.6585  +0.2855  +0.5550  0.1037
  11.90 drone1  +0.2618  +0.6522  +0.2705  +0.5550  0.0976
  12.00 drone1  +0.2337  +0.6443  +0.2555  +0.5550  0.0919
  12.10 drone1  +0.2074  +0.6359  +0.2405  +0.5550  0.0875
  12.20 drone1  +0.1862  +0.6277  +0.2255  +0.5550  0.0826
  12.30 drone1  +0.1673  +0.6181  +0.2105  +0.5550  0.0765
  12.40 drone1  +0.1505  +0.6086  +0.1955  +0.5550  0.0700
  12.50 drone1  +0.1354  +0.5993  +0.1805  +0.5550  0.0632
  12.60 drone1  +0.1218  +0.5900  +0.1655  +0.5550  0.0560
  12.70 drone1  +0.1099  +0.5809  +0.1505  +0.5550  0.0482
  12.80 drone1  +0.1000  +0.5724  +0.1355  +0.5550  0.0395
  12.90 drone1  +0.0910  +0.5632  +0.1205  +0.5550  0.0306
  13.00 drone1  +0.0823  +0.5524  +0.1055  +0.5550  0.0234
  13.10 drone1  +0.0740  +0.5435  +0.1055  +0.5400  0.0317
  13.20 drone1  +0.0642  +0.5333  +0.1055  +0.5250  0.0421
  13.30 drone1  +0.0533  +0.5233  +0.1055  +0.5100  0.0539
  13.40 drone1  +0.0430  +0.5144  +0.1055  +0.4950  0.0654
  13.50 drone1  +0.0315  +0.5046  +0.1055  +0.4800  0.0780
  13.60 drone1  +0.0213  +0.4968  +0.1055  +0.4650  0.0900
  13.70 drone1  +0.0119  +0.4874  +0.1055  +0.4500  0.1008
  13.80 drone1  +0.0041  +0.4793  +0.1055  +0.4350  0.1106
  13.90 drone1  -0.0013  +0.4713  +0.1055  +0.4200  0.1185
  14.00 drone1  -0.0053  +0.4625  +0.1055  +0.4050  0.1248
  14.10 drone1  -0.0074  +0.4532  +0.1055  +0.3900  0.1293
  14.20 drone1  -0.0090  +0.4426  +0.1055  +0.3750  0.1330
  14.30 drone1  -0.0094  +0.4309  +0.1055  +0.3600  0.1350
  14.40 drone1  -0.0087  +0.4187  +0.1055  +0.3450  0.1359
  14.50 drone1  -0.0071  +0.4054  +0.1055  +0.3300  0.1355
  14.60 drone1  -0.0050  +0.3914  +0.1055  +0.3150  0.1344
  14.70 drone1  -0.0012  +0.3761  +0.1055  +0.3000  0.1310
  14.80 drone1  +0.0033  +0.3593  +0.1055  +0.2850  0.1263
  14.90 drone1  +0.0091  +0.3407  +0.1055  +0.2700  0.1195
  15.00 drone1  +0.0164  +0.3206  +0.1055  +0.2550  0.1106
  15.10 drone1  +0.0250  +0.3013  +0.1055  +0.2400  0.1012
  15.20 drone1  +0.0329  +0.2818  +0.1055  +0.2250  0.0921
  15.30 drone1  +0.0407  +0.2646  +0.1055  +0.2100  0.0847
  15.40 drone1  +0.0485  +0.2486  +0.1055  +0.1950  0.0783
  15.50 drone1  +0.0557  +0.2317  +0.1055  +0.1800  0.0718
  15.60 drone1  +0.0619  +0.2158  +0.1055  +0.1650  0.0669
  15.70 drone1  +0.0678  +0.2001  +0.1055  +0.1500  0.0627
  15.80 drone1  +0.0734  +0.1846  +0.1055  +0.1350  0.0591
  15.90 drone1  +0.0784  +0.1677  +0.1055  +0.1200  0.0548
  16.00 drone1  +0.0842  +0.1506  +0.1055  +0.1050  0.0503
  16.10 drone1  +0.0910  +0.1316  +0.1055  +0.0900  0.0441
  16.20 drone1  +0.0984  +0.1110  +0.1055  +0.0750  0.0366
  16.30 drone1  +0.1072  +0.0894  +0.1055  +0.0600  0.0295
  16.40 drone1  +0.1160  +0.0678  +0.1155  +0.0550  0.0128
  16.50 drone1  +0.1241  +0.0468  +0.1305  +0.0550  0.0104
  16.60 drone1  +0.1335  +0.0258  +0.1455  +0.0550  0.0316
  16.70 drone1  +0.1424  +0.0054  +0.1605  +0.0550  0.0528
  16.80 drone1  +0.1519  -0.0141  +0.1755  +0.0550  0.0730
  16.90 drone1  +0.1629  -0.0328  +0.1905  +0.0550  0.0920
  17.00 drone1  +0.1739  -0.0495  +0.2055  +0.0550  0.1092
  17.10 drone1  +0.1854  -0.0645  +0.2205  +0.0550  0.1246
  17.20 drone1  +0.1981  -0.0784  +0.2355  +0.0550  0.1386
  17.30 drone1  +0.2110  -0.0912  +0.2505  +0.0550  0.1515
  17.40 drone1  +0.2236  -0.1002  +0.2655  +0.0550  0.1608
  17.50 drone1  +0.2362  -0.1048  +0.2805  +0.0550  0.1658
  17.60 drone1  +0.2468  -0.1043  +0.2955  +0.0550  0.1666
  17.70 drone1  +0.2578  -0.1004  +0.3105  +0.0550  0.1641
  17.80 drone1  +0.2701  -0.0956  +0.3255  +0.0550  0.1605
  17.90 drone1  +0.2822  -0.0892  +0.3405  +0.0550  0.1556
  18.00 drone1  +0.2943  -0.0825  +0.3555  +0.0550  0.1506
  18.10 drone1  +0.3066  -0.0759  +0.3705  +0.0550  0.1457
  18.20 drone1  +0.3205  -0.0689  +0.3855  +0.0550  0.1400
  18.30 drone1  +0.3350  -0.0623  +0.4005  +0.0550  0.1344
  18.40 drone1  +0.3516  -0.0539  +0.4155  +0.0550  0.1263
  18.50 drone1  +0.3705  -0.0437  +0.4305  +0.0550  0.1155
  18.60 drone1  +0.3890  -0.0326  +0.4455  +0.0550  0.1042
  18.70 drone1  +0.4087  -0.0194  +0.4605  +0.0550  0.0907
  18.80 drone1  +0.4281  -0.0061  +0.4755  +0.0550  0.0773
  18.90 drone1  +0.4475  +0.0071  +0.4905  +0.0550  0.0644
  19.00 drone1  +0.4661  +0.0192  +0.5055  +0.0550  0.0532
  19.10 drone1  +0.4843  +0.0295  +0.5205  +0.0550  0.0443
  19.20 drone1  +0.5042  +0.0388  +0.5355  +0.0550  0.0353
  19.30 drone1  +0.5245  +0.0467  +0.5505  +0.0550  0.0273
  19.40 drone1  +0.5452  +0.0551  +0.5655  +0.0550  0.0203
  19.50 drone1  +0.5652  +0.0630  +0.5805  +0.0550  0.0172
  19.60 drone1  +0.5856  +0.0715  +0.5955  +0.0550  0.0192
  19.70 drone1  +0.6060  +0.0799  +0.6055  +0.0600  0.0199
  19.80 drone1  +0.6261  +0.0863  +0.6055  +0.0750  0.0235
  19.90 drone1  +0.6469  +0.0915  +0.6055  +0.0900  0.0414
  20.00 drone1  +0.6668  +0.0962  +0.6055  +0.1050  0.0619
  20.10 drone1  +0.6872  +0.1027  +0.6055  +0.1200  0.0835
  20.20 drone1  +0.7093  +0.1115  +0.6055  +0.1350  0.1064
  20.30 drone1  +0.7266  +0.1213  +0.6055  +0.1500  0.1245
  20.40 drone1  +0.7364  +0.1332  +0.6055  +0.1650  0.1347
  20.50 drone1  +0.7380  +0.1468  +0.6055  +0.1800  0.1366
  20.60 drone1  +0.7334  +0.1626  +0.6055  +0.1950  0.1319
  20.70 drone1  +0.7249  +0.1785  +0.6055  +0.2100  0.1235
  20.80 drone1  +0.7158  +0.1941  +0.6055  +0.2250  0.1146
  20.90 drone1  +0.7085  +0.2076  +0.6055  +0.2400  0.1080
  21.00 drone1  +0.7043  +0.2199  +0.6055  +0.2550  0.1048
  21.10 drone1  +0.7028  +0.2304  +0.6055  +0.2700  0.1051
  21.20 drone1  +0.7032  +0.2411  +0.6055  +0.2850  0.1071
  21.30 drone1  +0.7038  +0.2536  +0.6055  +0.3000  0.1087
  21.40 drone1  +0.7034  +0.2680  +0.6055  +0.3150  0.1086
  21.50 drone1  +0.7021  +0.2837  +0.6055  +0.3300  0.1071
  21.60 drone1  +0.7002  +0.2959  +0.6055  +0.3450  0.1067
  21.70 drone1  +0.6966  +0.3133  +0.6055  +0.3600  0.1024
  21.80 drone1  +0.6932  +0.3263  +0.6055  +0.3750  0.1003
  21.90 drone1  +0.6901  +0.3393  +0.6055  +0.3900  0.0987
  22.00 drone1  +0.6876  +0.3517  +0.6055  +0.4050  0.0979
  22.10 drone1  +0.6838  +0.3633  +0.6055  +0.4200  0.0967
  22.20 drone1  +0.6788  +0.3760  +0.6055  +0.4350  0.0941
  22.30 drone1  +0.6726  +0.3901  +0.6055  +0.4500  0.0900
  22.40 drone1  +0.6658  +0.4050  +0.6055  +0.4650  0.0851
  22.50 drone1  +0.6572  +0.4224  +0.6055  +0.4800  0.0775
  22.60 drone1  +0.6493  +0.4444  +0.6055  +0.4950  0.0669
  22.70 drone1  +0.6385  +0.4679  +0.6055  +0.5100  0.0534
  22.80 drone1  +0.6300  +0.4937  +0.6055  +0.5250  0.0398
  22.90 drone1  +0.6199  +0.5170  +0.6055  +0.5400  0.0271
  23.00 drone1  +0.6104  +0.5380  +0.6055  +0.5550  0.0177
  23.10 drone1  +0.5996  +0.5552  +0.5905  +0.5550  0.0091
  23.20 drone1  +0.5881  +0.5692  +0.5755  +0.5550  0.0189
  23.30 drone1  +0.5764  +0.5822  +0.5605  +0.5550  0.0315
  23.40 drone1  +0.5647  +0.5949  +0.5455  +0.5550  0.0442
  23.50 drone1  +0.5530  +0.6078  +0.5305  +0.5550  0.0574
  23.60 drone1  +0.5418  +0.6205  +0.5155  +0.5550  0.0705
  23.70 drone1  +0.5303  +0.6338  +0.5005  +0.5550  0.0842
  23.80 drone1  +0.5182  +0.6461  +0.4855  +0.5550  0.0968
  23.90 drone1  +0.5046  +0.6563  +0.4705  +0.5550  0.1068
  24.00 drone1  +0.4899  +0.6640  +0.4555  +0.5550  0.1143
  24.10 drone1  +0.4757  +0.6694  +0.4405  +0.5550  0.1197
  24.20 drone1  +0.4615  +0.6723  +0.4255  +0.5550  0.1226
  24.30 drone1  +0.4477  +0.6739  +0.4105  +0.5550  0.1245
  24.40 drone1  +0.4358  +0.6768  +0.3955  +0.5550  0.1283
  24.50 drone1  +0.4241  +0.6791  +0.3805  +0.5550  0.1315
  24.60 drone1  +0.4122  +0.6822  +0.3655  +0.5550  0.1355
  24.70 drone1  +0.4002  +0.6849  +0.3505  +0.5550  0.1391
  24.80 drone1  +0.3864  +0.6871  +0.3355  +0.5550  0.1415
  24.90 drone1  +0.3726  +0.6883  +0.3205  +0.5550  0.1431
  25.00 drone1  +0.3572  +0.6877  +0.3055  +0.5550  0.1424
  25.10 drone1  +0.3404  +0.6853  +0.2905  +0.5550  0.1395
  25.20 drone1  +0.3215  +0.6817  +0.2755  +0.5550  0.1348
  25.30 drone1  +0.3024  +0.6759  +0.2605  +0.5550  0.1279
  25.40 drone1  +0.2821  +0.6690  +0.2455  +0.5550  0.1197
  25.50 drone1  +0.2618  +0.6608  +0.2305  +0.5550  0.1103
  25.60 drone1  +0.2422  +0.6501  +0.2155  +0.5550  0.0988
  25.70 drone1  +0.2236  +0.6393  +0.2005  +0.5550  0.0873
  25.80 drone1  +0.2119  +0.6332  +0.1855  +0.5550  0.0825
  25.90 drone1  +0.2094  +0.6327  +0.1705  +0.5550  0.0869
  26.00 drone1  +0.2121  +0.6351  +0.1555  +0.5550  0.0981
  26.10 drone1  +0.2188  +0.6393  +0.1405  +0.5550  0.1151
  26.20 drone1  +0.2252  +0.6427  +0.1255  +0.5550  0.1328
  26.30 drone1  +0.2331  +0.6460  +0.1105  +0.5550  0.1527
  26.40 drone1  +0.2382  +0.6470  +0.1055  +0.5450  0.1673
  26.50 drone1  +0.2412  +0.6472  +0.1055  +0.5300  0.1792
  26.60 drone1  +0.2422  +0.6472  +0.1055  +0.5150  0.1902
  26.70 drone1  +0.2423  +0.6484  +0.1055  +0.5000  0.2018
  26.80 drone1  +0.2415  +0.6494  +0.1055  +0.4850  0.2133
  26.90 drone1  +0.2421  +0.6526  +0.1055  +0.4700  0.2280
  27.00 drone1  +0.2442  +0.6551  +0.1055  +0.4550  0.2434
  27.10 drone1  +0.2470  +0.6579  +0.1055  +0.4400  0.2598
  27.20 drone1  +0.2499  +0.6578  +0.1055  +0.4250  0.2739
  27.30 drone1  +0.2522  +0.6564  +0.1055  +0.4100  0.2868
  27.40 drone1  +0.2533  +0.6549  +0.1055  +0.3950  0.2990
  27.50 drone1  +0.2531  +0.6535  +0.1055  +0.3800  0.3108
  27.60 drone1  +0.2527  +0.6524  +0.1055  +0.3650  0.3229
  27.70 drone1  +0.2523  +0.6507  +0.1055  +0.3500  0.3346
  27.80 drone1  +0.2519  +0.6486  +0.1055  +0.3350  0.3461
  27.90 drone1  +0.2507  +0.6461  +0.1055  +0.3200  0.3569
  28.00 drone1  +0.2496  +0.6432  +0.1055  +0.3050  0.3676
  28.10 drone1  +0.2488  +0.6406  +0.1055  +0.2900  0.3787
  28.20 drone1  +0.2496  +0.6396  +0.1055  +0.2750  0.3921
  28.30 drone1  +0.2500  +0.6396  +0.1055  +0.2600  0.4061
  28.40 drone1  +0.2507  +0.6413  +0.1055  +0.2450  0.4220
  28.50 drone1  +0.2532  +0.6430  +0.1055  +0.2300  0.4386
  28.60 drone1  +0.2565  +0.6455  +0.1055  +0.2150  0.4562
  28.70 drone1  +0.2605  +0.6484  +0.1055  +0.2000  0.4744
  28.80 drone1  +0.2646  +0.6510  +0.1055  +0.1850  0.4924
  28.90 drone1  +0.2675  +0.6538  +0.1055  +0.1700  0.5102
  29.00 drone1  +0.2684  +0.6564  +0.1055  +0.1550  0.5272
  29.10 drone1  +0.2666  +0.6596  +0.1055  +0.1400  0.5440
  29.20 drone1  +0.2635  +0.6619  +0.1055  +0.1250  0.5596
  29.30 drone1  +0.2585  +0.6632  +0.1055  +0.1100  0.5739
  29.40 drone1  +0.2531  +0.6635  +0.1055  +0.0950  0.5873
  29.50 drone1  +0.2485  +0.6634  +0.1055  +0.0800  0.6006
  29.60 drone1  +0.2444  +0.6633  +0.1055  +0.0650  0.6141
  29.70 drone1  +0.2429  +0.6640  +0.1105  +0.0550  0.6232
  29.80 drone1  +0.2430  +0.6641  +0.1255  +0.0550  0.6203
  29.90 drone1  +0.2430  +0.6643  +0.1405  +0.0550  0.6178
  30.00 drone1  +0.2428  +0.6643  +0.1555  +0.0550  0.6155
  30.10 drone1  +0.2430  +0.6644  +0.1705  +0.0550  0.6137
  30.20 drone1  +0.2429  +0.6641  +0.1855  +0.0550  0.6118
  30.30 drone1  +0.2430  +0.6643  +0.2005  +0.0550  0.6107
  30.40 drone1  +0.2429  +0.6642  +0.2155  +0.0550  0.6098
  30.50 drone1  +0.2430  +0.6642  +0.2305  +0.0550  0.6093
  30.60 drone1  +0.2430  +0.6643  +0.2455  +0.0550  0.6093
  30.70 drone1  +0.2429  +0.6641  +0.2605  +0.0550  0.6093
  30.80 drone1  +0.2430  +0.6642  +0.2755  +0.0550  0.6100
  30.90 drone1  +0.2428  +0.6641  +0.2905  +0.0550  0.6109
  31.00 drone1  +0.2428  +0.6640  +0.3055  +0.0550  0.6122
  31.10 drone1  +0.2429  +0.6642  +0.3205  +0.0550  0.6141
  31.20 drone1  +0.2429  +0.6645  +0.3355  +0.0550  0.6165
  31.30 drone1  +0.2428  +0.6644  +0.3505  +0.0550  0.6188
  31.40 drone1  +0.2428  +0.6644  +0.3655  +0.0550  0.6216
  31.50 drone1  +0.2428  +0.6644  +0.3805  +0.0550  0.6248
  31.60 drone1  +0.2428  +0.6644  +0.3955  +0.0550  0.6282
  31.70 drone1  +0.2427  +0.6644  +0.4105  +0.0550  0.6321
  31.80 drone1  +0.2427  +0.6644  +0.4255  +0.0550  0.6362
  31.90 drone1  +0.2428  +0.6644  +0.4405  +0.0550  0.6407
  32.00 drone1  +0.2427  +0.6644  +0.4555  +0.0550  0.6455
  32.10 drone1  +0.2427  +0.6643  +0.4705  +0.0550  0.6505
  32.20 drone1  +0.2428  +0.6644  +0.4855  +0.0550  0.6560
  32.30 drone1  +0.2428  +0.6643  +0.5005  +0.0550  0.6616
  32.40 drone1  +0.2429  +0.6645  +0.5155  +0.0550  0.6677
  32.50 drone1  +0.2430  +0.6646  +0.5305  +0.0550  0.6740
  32.60 drone1  +0.2429  +0.6646  +0.5455  +0.0550  0.6806
  32.70 drone1  +0.2428  +0.6646  +0.5605  +0.0550  0.6874
  32.80 drone1  +0.2428  +0.6647  +0.5755  +0.0550  0.6945
  32.90 drone1  +0.2428  +0.6644  +0.5905  +0.0550  0.7016
  33.00 drone1  +0.2427  +0.6644  +0.6055  +0.0550  0.7091
  33.10 drone1  +0.2428  +0.6643  +0.6055  +0.0700  0.6962
  33.20 drone1  +0.2428  +0.6643  +0.6055  +0.0850  0.6835
  33.30 drone1  +0.2429  +0.6634  +0.6055  +0.1000  0.6699
  33.40 drone1  +0.2427  +0.6644  +0.6055  +0.1150  0.6584
  33.50 drone1  +0.2429  +0.6637  +0.6055  +0.1300  0.6452
  33.60 drone1  +0.2430  +0.6634  +0.6055  +0.1450  0.6326
  33.70 drone1  +0.2426  +0.6648  +0.6055  +0.1600  0.6216
  33.80 drone1  +0.2426  +0.6647  +0.6055  +0.1750  0.6095
  33.90 drone1  +0.2426  +0.6648  +0.6055  +0.1900  0.5975
  34.00 drone1  +0.2428  +0.6644  +0.6055  +0.2050  0.5854
  34.10 drone1  +0.2428  +0.6643  +0.6055  +0.2200  0.5736
  34.20 drone1  +0.2425  +0.6645  +0.6055  +0.2350  0.5623
  34.30 drone1  +0.2423  +0.6645  +0.6055  +0.2500  0.5510
  34.40 drone1  +0.2424  +0.6645  +0.6055  +0.2650  0.5398
  34.50 drone1  +0.2424  +0.6645  +0.6055  +0.2800  0.5289
  34.60 drone1  +0.2425  +0.6644  +0.6055  +0.2950  0.5179
  34.70 drone1  +0.2424  +0.6645  +0.6055  +0.3100  0.5074
  34.80 drone1  +0.2424  +0.6645  +0.6055  +0.3250  0.4971
  34.90 drone1  +0.2424  +0.6645  +0.6055  +0.3400  0.4870
  35.00 drone1  +0.2428  +0.6644  +0.6055  +0.3550  0.4767
  35.10 drone1  +0.2428  +0.6644  +0.6055  +0.3700  0.4672
  35.20 drone1  +0.2429  +0.6645  +0.6055  +0.3850  0.4578
  35.30 drone1  +0.2428  +0.6644  +0.6055  +0.4000  0.4488
  35.40 drone1  +0.2428  +0.6644  +0.6055  +0.4150  0.4402
  35.50 drone1  +0.2428  +0.6644  +0.6055  +0.4300  0.4319
  35.60 drone1  +0.2427  +0.6644  +0.6055  +0.4450  0.4239
  35.70 drone1  +0.2428  +0.6644  +0.6055  +0.4600  0.4163
  35.80 drone1  +0.2428  +0.6644  +0.6055  +0.4750  0.4092
  35.90 drone1  +0.2428  +0.6643  +0.6055  +0.4900  0.4025
  36.00 drone1  +0.2427  +0.6644  +0.6055  +0.5050  0.3963
  36.10 drone1  +0.2428  +0.6643  +0.6055  +0.5200  0.3904
  36.20 drone1  +0.2428  +0.6644  +0.6055  +0.5350  0.3851
  36.30 drone1  +0.2427  +0.6644  +0.6055  +0.5500  0.3804
  36.40 drone1  +0.2428  +0.6643  +0.5955  +0.5550  0.3693
  36.50 drone1  +0.2427  +0.6645  +0.5805  +0.5550  0.3551
  36.60 drone1  +0.2428  +0.6644  +0.5655  +0.5550  0.3408
  36.70 drone1  +0.2428  +0.6644  +0.5505  +0.5550  0.3266
  36.80 drone1  +0.2427  +0.6644  +0.5355  +0.5550  0.3125
  36.90 drone1  +0.2428  +0.6644  +0.5205  +0.5550  0.2985
  37.00 drone1  +0.2427  +0.6643  +0.5055  +0.5550  0.2846
  37.10 drone1  +0.2428  +0.6645  +0.4905  +0.5550  0.2709
  37.20 drone1  +0.2427  +0.6646  +0.4755  +0.5550  0.2573
  37.30 drone1  +0.2428  +0.6644  +0.4605  +0.5550  0.2436
  37.40 drone1  +0.2428  +0.6645  +0.4455  +0.5550  0.2304
  37.50 drone1  +0.2427  +0.6643  +0.4305  +0.5550  0.2173
  37.60 drone1  +0.2427  +0.6643  +0.4155  +0.5550  0.2045
  37.70 drone1  +0.2427  +0.6644  +0.4005  +0.5550  0.1920
  37.80 drone1  +0.2427  +0.6644  +0.3855  +0.5550  0.1798
  37.90 drone1  +0.2427  +0.6643  +0.3705  +0.5550  0.1682
  38.00 drone1  +0.2427  +0.6643  +0.3555  +0.5550  0.1571
  38.10 drone1  +0.2428  +0.6643  +0.3405  +0.5550  0.1466
  38.20 drone1  +0.2427  +0.6644  +0.3255  +0.5550  0.1371
  38.30 drone1  +0.2428  +0.6644  +0.3105  +0.5550  0.1286
  38.40 drone1  +0.2428  +0.6645  +0.2955  +0.5550  0.1215
  38.50 drone1  +0.2428  +0.6644  +0.2805  +0.5550  0.1157
  38.60 drone1  +0.2428  +0.6645  +0.2655  +0.5550  0.1118
  38.70 drone1  +0.2428  +0.6643  +0.2505  +0.5550  0.1096
  38.80 drone1  +0.2427  +0.6644  +0.2355  +0.5550  0.1096
  38.90 drone1  +0.2427  +0.6643  +0.2205  +0.5550  0.1115
  39.00 drone1  +0.2428  +0.6644  +0.2055  +0.5550  0.1155
  39.10 drone1  +0.2427  +0.6644  +0.1905  +0.5550  0.1212
  39.20 drone1  +0.2428  +0.6643  +0.1755  +0.5550  0.1283
  39.30 drone1  +0.2428  +0.6644  +0.1605  +0.5550  0.1369
  39.40 drone1  +0.2428  +0.6644  +0.1455  +0.5550  0.1464
  39.50 drone1  +0.2428  +0.6644  +0.1305  +0.5550  0.1568
  39.60 drone1  +0.2427  +0.6644  +0.1155  +0.5550  0.1677
  39.70 drone1  +0.2428  +0.6644  +0.1055  +0.5500  0.1786
  39.80 drone1  +0.2428  +0.6644  +0.1055  +0.5350  0.1886
