# Square flight log. Positions in metres, time in seconds
# since the algorithm started (motion begins at start_delay).
# t drone_id x y target_x target_y error
   0.10 drone1  +0.0858  -0.0469  +0.0858  -0.0469  0.0000
   0.20 drone1  +0.0866  -0.0409  +0.0858  -0.0469  0.0060
   0.30 drone1  +0.0862  -0.0346  +0.0858  -0.0469  0.0123
   0.40 drone1  +0.0842  -0.0305  +0.0858  -0.0469  0.0165
   0.50 drone1  +0.0813  -0.0263  +0.0858  -0.0469  0.0210
   0.60 drone1  +0.0772  -0.0229  +0.0858  -0.0469  0.0255
   0.70 drone1  +0.0721  -0.0186  +0.0858  -0.0469  0.0314
   0.80 drone1  +0.0678  -0.0142  +0.0858  -0.0469  0.0373
   0.90 drone1  +0.0639  -0.0091  +0.0858  -0.0469  0.0437
   1.00 drone1  +0.0593  -0.0049  +0.0858  -0.0469  0.0496
   1.10 drone1  +0.0548  -0.0013  +0.0858  -0.0469  0.0551
   1.20 drone1  +0.0502  +0.0011  +0.0858  -0.0469  0.0597
   1.30 drone1  +0.0469  +0.0030  +0.0858  -0.0469  0.0632
   1.40 drone1  +0.0442  +0.0042  +0.0858  -0.0469  0.0659
   1.50 drone1  +0.0423  +0.0051  +0.0858  -0.0469  0.0677
   1.60 drone1  +0.0414  +0.0053  +0.0858  -0.0469  0.0685
   1.70 drone1  +0.0410  +0.0041  +0.0858  -0.0469  0.0678
   1.80 drone1  +0.0417  +0.0021  +0.0858  -0.0469  0.0659
   1.90 drone1  +0.0447  +0.0000  +0.0858  -0.0469  0.0624
   2.00 drone1  +0.0496  -0.0039  +0.0858  -0.0469  0.0561
   2.10 drone1  +0.0560  -0.0097  +0.0858  -0.0469  0.0476
   2.20 drone1  +0.0613  -0.0156  +0.0858  -0.0469  0.0397
   2.30 drone1  +0.0689  -0.0250  +0.0858  -0.0469  0.0276
   2.40 drone1  +0.0748  -0.0332  +0.0858  -0.0469  0.0175
   2.50 drone1  +0.0782  -0.0387  +0.0858  -0.0469  0.0112
   2.60 drone1  +0.0781  -0.0401  +0.0858  -0.0469  0.0102
   2.70 drone1  +0.0758  -0.0387  +0.0858  -0.0469  0.0128
   2.80 drone1  +0.0717  -0.0363  +0.0858  -0.0469  0.0176
   2.90 drone1  +0.0663  -0.0330  +0.0858  -0.0469  0.0239
   3.00 drone1  +0.0617  -0.0289  +0.0858  -0.0469  0.0300
   3.10 drone1  +0.0578  -0.0253  +0.1008  -0.0469  0.0481
   3.20 drone1  +0.0544  -0.0217  +0.1158  -0.0469  0.0664
   3.30 drone1  +0.0528  -0.0182  +0.1308  -0.0469  0.0831
   3.40 drone1  +0.0543  -0.0160  +0.1458  -0.0469  0.0965
   3.50 drone1  +0.0579  -0.0159  +0.1608  -0.0469  0.1074
   3.60 drone1  +0.0646  -0.0166  +0.1758  -0.0469  0.1152
   3.70 drone1  +0.0743  -0.0174  +0.1908  -0.0469  0.1201
   3.80 drone1  +0.0868  -0.0174  +0.2058  -0.0469  0.1226
   3.90 drone1  +0.1010  -0.0162  +0.2208  -0.0469  0.1236
   4.00 drone1  +0.1174  -0.0161  +0.2358  -0.0469  0.1223
   4.10 drone1  +0.1356  -0.0168  +0.2508  -0.0469  0.1190
   4.20 drone1  +0.1557  -0.0186  +0.2658  -0.0469  0.1137
   4.30 drone1  +0.1776  -0.0232  +0.2808  -0.0469  0.1059
   4.40 drone1  +0.1913  -0.0264  +0.2958  -0.0469  0.1065
   4.50 drone1  +0.2268  -0.0355  +0.3108  -0.0469  0.0848
   4.60 drone1  +0.2532  -0.0415  +0.3258  -0.0469  0.0728
   4.70 drone1  +0.2806  -0.0460  +0.3408  -0.0469  0.0602
   4.80 drone1  +0.3084  -0.0481  +0.3558  -0.0469  0.0474
   4.90 drone1  +0.3330  -0.0486  +0.3708  -0.0469  0.0379
   5.00 drone1  +0.3606  -0.0475  +0.3858  -0.0469  0.0252
   5.10 drone1  +0.3822  -0.0463  +0.4008  -0.0469  0.0186
   5.20 drone1  +0.4003  -0.0454  +0.4158  -0.0469  0.0156
   5.30 drone1  +0.4176  -0.0476  +0.4308  -0.0469  0.0132
   5.40 drone1  +0.4344  -0.0520  +0.4458  -0.0469  0.0125
   5.50 drone1  +0.4520  -0.0568  +0.4608  -0.0469  0.0133
   5.60 drone1  +0.4694  -0.0613  +0.4758  -0.0469  0.0158
   5.70 drone1  +0.4862  -0.0619  +0.4908  -0.0469  0.0157
   5.80 drone1  +0.5025  -0.0593  +0.5058  -0.0469  0.0129
   5.90 drone1  +0.5179  -0.0546  +0.5208  -0.0469  0.0083
   6.00 drone1  +0.5328  -0.0493  +0.5358  -0.0469  0.0039
   6.10 drone1  +0.5466  -0.0445  +0.5508  -0.0469  0.0048
   6.20 drone1  +0.5599  -0.0402  +0.5658  -0.0469  0.0089
   6.30 drone1  +0.5732  -0.0374  +0.5808  -0.0469  0.0121
   6.40 drone1  +0.5856  -0.0364  +0.5858  -0.0369  0.0005
   6.50 drone1  +0.5983  -0.0380  +0.5858  -0.0219  0.0204
   6.60 drone1  +0.6107  -0.0405  +0.5858  -0.0069  0.0418
   6.70 drone1  +0.6240  -0.0433  +0.5858  +0.0081  0.0641
   6.80 drone1  +0.6370  -0.0459  +0.5858  +0.0231  0.0860
   6.90 drone1  +0.6492  -0.0464  +0.5858  +0.0381  0.1057
   7.00 drone1  +0.6611  -0.0443  +0.5858  +0.0531  0.1232
   7.10 drone1  +0.6722  -0.0404  +0.5858  +0.0681  0.1387
   7.20 drone1  +0.6816  -0.0321  +0.5858  +0.0831  0.1498
   7.30 drone1  +0.6896  -0.0219  +0.5858  +0.0981  0.1587
   7.40 drone1  +0.6927  -0.0170  +0.5858  +0.1131  0.1684
   7.50 drone1  +0.7007  -0.0000  +0.5858  +0.1281  0.1721
   7.60 drone1  +0.7041  +0.0112  +0.5858  +0.1431  0.1772
   7.70 drone1  +0.7066  +0.0231  +0.5858  +0.1581  0.1812
   7.80 drone1  +0.7076  +0.0358  +0.5858  +0.1731  0.1836
   7.90 drone1  +0.7085  +0.0501  +0.5858  +0.1881  0.1848
   8.00 drone1  +0.7081  +0.0655  +0.5858  +0.2031  0.1842
   8.10 drone1  +0.7073  +0.0826  +0.5858  +0.2181  0.1821
   8.20 drone1  +0.7046  +0.1014  +0.5858  +0.2331  0.1774
   8.30 drone1  +0.7011  +0.1175  +0.5858  +0.2481  0.1742
   8.40 drone1  +0.6936  +0.1456  +0.5858  +0.2631  0.1595
   8.50 drone1  +0.6853  +0.1714  +0.5858  +0.2781  0.1459
   8.60 drone1  +0.6760  +0.2010  +0.5858  +0.2931  0.1290
   8.70 drone1  +0.6657  +0.2319  +0.5858  +0.3081  0.1104
   8.80 drone1  +0.6557  +0.2652  +0.5858  +0.3231  0.0907
   8.90 drone1  +0.6453  +0.2990  +0.5858  +0.3381  0.0712
   9.00 drone1  +0.6364  +0.3340  +0.5858  +0.3531  0.0541
   9.10 drone1  +0.6280  +0.3685  +0.5858  +0.3681  0.0422
   9.20 drone1  +0.6211  +0.4007  +0.5858  +0.3831  0.0394
   9.30 drone1  +0.6154  +0.4321  +0.5858  +0.3981  0.0450
   9.40 drone1  +0.6103  +0.4596  +0.5858  +0.4131  0.0525
   9.50 drone1  +0.6060  +0.4859  +0.5858  +0.4281  0.0612
   9.60 drone1  +0.6020  +0.5044  +0.5858  +0.4431  0.0634
   9.70 drone1  +0.5948  +0.5299  +0.5808  +0.4531  0.0780
   9.80 drone1  +0.5888  +0.5497  +0.5658  +0.4531  0.0993
   9.90 drone1  +0.5808  +0.5663  +0.5508  +0.4531  0.1170
  10.00 drone1  +0.5728  +0.5827  +0.5358  +0.4531  0.1347
  10.10 drone1  +0.5629  +0.5955  +0.5208  +0.4531  0.1485
  10.20 drone1  +0.5516  +0.6063  +0.5058  +0.4531  0.1599
  10.30 drone1  +0.5382  +0.6160  +0.4908  +0.4531  0.1697
  10.40 drone1  +0.5255  +0.6241  +0.4758  +0.4531  0.1781
  10.50 drone1  +0.5094  +0.6319  +0.4608  +0.4531  0.1853
  10.60 drone1  +0.4947  +0.6365  +0.4458  +0.4531  0.1898
  10.70 drone1  +0.4801  +0.6377  +0.4308  +0.4531  0.1910
  10.80 drone1  +0.4647  +0.6356  +0.4158  +0.4531  0.1889
  10.90 drone1  +0.4491  +0.6315  +0.4008  +0.4531  0.1848
  11.00 drone1  +0.4333  +0.6233  +0.3858  +0.4531  0.1767
  11.10 drone1  +0.4170  +0.6125  +0.3708  +0.4531  0.1659
  11.20 drone1  +0.4009  +0.6003  +0.3558  +0.4531  0.1539
  11.30 drone1  +0.3841  +0.5848  +0.3408  +0.4531  0.1386
  11.40 drone1  +0.3678  +0.5687  +0.3258  +0.4531  0.1230
  11.50 drone1  +0.3516  +0.5530  +0.3108  +0.4531  0.1079
  11.60 drone1  +0.3356  +0.5372  +0.2958  +0.4531  0.0930
  11.70 drone1  +0.3197  +0.5202  +0.2808  +0.4531  0.0775
  11.80 drone1  +0.3034  +0.5026  +0.2658  +0.4531  0.0621
  11.90 drone1  +0.2876  +0.4845  +0.2508  +0.4531  0.0483
  12.00 drone1  +0.2702  +0.4685  +0.2358  +0.4531  0.0377
  12.10 drone1  +0.2524  +0.4541  +0.2208  +0.4531  0.0316
  12.20 drone1  +0.2338  +0.4428  +0.2058  +0.4531  0.0298
  12.30 drone1  +0.2150  +0.4340  +0.1908  +0.4531  0.0309
  12.40 drone1  +0.1964  +0.4275  +0.1758  +0.4531  0.0329
  12.50 drone1  +0.1800  +0.4236  +0.1608  +0.4531  0.0352
  12.60 drone1  +0.1598  +0.4202  +0.1458  +0.4531  0.0358
  12.70 drone1  +0.1414  +0.4180  +0.1308  +0.4531  0.0367
  12.80 drone1  +0.1236  +0.4138  +0.1158  +0.4531  0.0401
  12.90 drone1  +0.1068  +0.4071  +0.1008  +0.4531  0.0465
  13.00 drone1  +0.0909  +0.3988  +0.0858  +0.4531  0.0545
  13.10 drone1  +0.0768  +0.3906  +0.0858  +0.4381  0.0484
  13.20 drone1  +0.0604  +0.3808  +0.0858  +0.4231  0.0494
  13.30 drone1  +0.0467  +0.3747  +0.0858  +0.4081  0.0514
  13.40 drone1  +0.0349  +0.3710  +0.0858  +0.3931  0.0555
  13.50 drone1  +0.0221  +0.3691  +0.0858  +0.3781  0.0644
  13.60 drone1  +0.0096  +0.3691  +0.0858  +0.3631  0.0764
  13.70 drone1  -0.0013  +0.3691  +0.0858  +0.3481  0.0896
  13.80 drone1  -0.0113  +0.3684  +0.0858  +0.3331  0.1033
  13.90 drone1  -0.0188  +0.3655  +0.0858  +0.3181  0.1148
  14.00 drone1  -0.0236  +0.3594  +0.0858  +0.3031  0.1230
  14.10 drone1  -0.0263  +0.3505  +0.0858  +0.2881  0.1283
  14.20 drone1  -0.0267  +0.3400  +0.0858  +0.2731  0.1309
  14.30 drone1  -0.0218  +0.3269  +0.0858  +0.2581  0.1277
  14.40 drone1  -0.0166  +0.3138  +0.0858  +0.2431  0.1243
  14.50 drone1  -0.0094  +0.2996  +0.0858  +0.2281  0.1190
  14.60 drone1  -0.0032  +0.2845  +0.0858  +0.2131  0.1141
  14.70 drone1  +0.0008  +0.2696  +0.0858  +0.1981  0.1111
  14.80 drone1  +0.0045  +0.2507  +0.0858  +0.1831  0.1057
  14.90 drone1  +0.0060  +0.2314  +0.0858  +0.1681  0.1019
  15.00 drone1  +0.0074  +0.2111  +0.0858  +0.1531  0.0975
  15.10 drone1  +0.0091  +0.1908  +0.0858  +0.1381  0.0931
  15.20 drone1  +0.0119  +0.1710  +0.0858  +0.1231  0.0880
  15.30 drone1  +0.0144  +0.1558  +0.0858  +0.1081  0.0858
  15.40 drone1  +0.0204  +0.1339  +0.0858  +0.0931  0.0771
  15.50 drone1  +0.0264  +0.1186  +0.0858  +0.0781  0.0719
  15.60 drone1  +0.0328  +0.0996  +0.0858  +0.0631  0.0643
  15.70 drone1  +0.0362  +0.0870  +0.0858  +0.0481  0.0630
  15.80 drone1  +0.0393  +0.0675  +0.0858  +0.0331  0.0578
  15.90 drone1  +0.0411  +0.0514  +0.0858  +0.0181  0.0557
  16.00 drone1  +0.0430  +0.0345  +0.0858  +0.0031  0.0530
  16.10 drone1  +0.0452  +0.0188  +0.0858  -0.0119  0.0508
  16.20 drone1  +0.0486  +0.0045  +0.0858  -0.0269  0.0486
  16.30 drone1  +0.0501  -0.0057  +0.0858  -0.0419  0.0508
  16.40 drone1  +0.0543  -0.0238  +0.0958  -0.0469  0.0475
  16.50 drone1  +0.0585  -0.0415  +0.1108  -0.0469  0.0525
  16.60 drone1  +0.0633  -0.0603  +0.1258  -0.0469  0.0639
  16.70 drone1  +0.0697  -0.0798  +0.1408  -0.0469  0.0784
  16.80 drone1  +0.0787  -0.0999  +0.1558  -0.0469  0.0936
  16.90 drone1  +0.0898  -0.1190  +0.1708  -0.0469  0.1084
  17.00 drone1  +0.1029  -0.1347  +0.1858  -0.0469  0.1208
  17.10 drone1  +0.1169  -0.1464  +0.2008  -0.0469  0.1302
  17.20 drone1  +0.1308  -0.1519  +0.2158  -0.0469  0.1351
  17.30 drone1  +0.1435  -0.1542  +0.2308  -0.0469  0.1384
  17.40 drone1  +0.1554  -0.1539  +0.2458  -0.0469  0.1401
  17.50 drone1  +0.1670  -0.1513  +0.2608  -0.0469  0.1404
  17.60 drone1  +0.1795  -0.1484  +0.2758  -0.0469  0.1399
  17.70 drone1  +0.1921  -0.1451  +0.2908  -0.0469  0.1393
  17.80 drone1  +0.2072  -0.1418  +0.3058  -0.0469  0.1369
  17.90 drone1  +0.2236  -0.1393  +0.3208  -0.0469  0.1341
  18.00 drone1  +0.2424  -0.1370  +0.3358  -0.0469  0.1298
  18.10 drone1  +0.2632  -0.1356  +0.3508  -0.0469  0.1248
  18.20 drone1  +0.2850  -0.1351  +0.3658  -0.0469  0.1197
  18.30 drone1  +0.3083  -0.1331  +0.3808  -0.0469  0.1127
  18.40 drone1  +0.3317  -0.1304  +0.3958  -0.0469  0.1053
  18.50 drone1  +0.3556  -0.1271  +0.4108  -0.0469  0.0974
  18.60 drone1  +0.3772  -0.1244  +0.4258  -0.0469  0.0915
  18.70 drone1  +0.4040  -0.1211  +0.4408  -0.0469  0.0829
  18.80 drone1  +0.4286  -0.1164  +0.4558  -0.0469  0.0747
  18.90 drone1  +0.4545  -0.1118  +0.4708  -0.0469  0.0669
  19.00 drone1  +0.4813  -0.1066  +0.4858  -0.0469  0.0599
  19.10 drone1  +0.5077  -0.0992  +0.5008  -0.0469  0.0528
  19.20 drone1  +0.5329  -0.0899  +0.5158  -0.0469  0.0463
  19.30 drone1  +0.5563  -0.0792  +0.5308  -0.0469  0.0412
  19.40 drone1  +0.5755  -0.0690  +0.5458  -0.0469  0.0370
  19.50 drone1  +0.5956  -0.0571  +0.5608  -0.0469  0.0363
  19.60 drone1  +0.6126  -0.0468  +0.5758  -0.0469  0.0368
  19.70 drone1  +0.6281  -0.0379  +0.5858  -0.0419  0.0425
  19.80 drone1  +0.6432  -0.0304  +0.5858  -0.0269  0.0575
  19.90 drone1  +0.6573  -0.0236  +0.5858  -0.0119  0.0725
  20.00 drone1  +0.6713  -0.0168  +0.5858  +0.0031  0.0878
  20.10 drone1  +0.6857  -0.0107  +0.5858  +0.0181  0.1040
  20.20 drone1  +0.6997  -0.0040  +0.5858  +0.0331  0.1199
  20.30 drone1  +0.7129  +0.0013  +0.5858  +0.0481  0.1354
  20.40 drone1  +0.7235  +0.0083  +0.5858  +0.0631  0.1483
  20.50 drone1  +0.7329  +0.0164  +0.5858  +0.0781  0.1596
  20.60 drone1  +0.7403  +0.0264  +0.5858  +0.0931  0.1683
  20.70 drone1  +0.7451  +0.0367  +0.5858  +0.1081  0.1746
  20.80 drone1  +0.7467  +0.0481  +0.5858  +0.1231  0.1776
  20.90 drone1  +0.7458  +0.0583  +0.5858  +0.1381  0.1788
  21.00 drone1  +0.7438  +0.0709  +0.5858  +0.1531  0.1782
  21.10 drone1  +0.7400  +0.0845  +0.5858  +0.1681  0.1754
  21.20 drone1  +0.7350  +0.0995  +0.5858  +0.1831  0.1710
  21.30 drone1  +0.7271  +0.1162  +0.5858  +0.1981  0.1633
  21.40 drone1  +0.7169  +0.1343  +0.5858  +0.2131  0.1530
  21.50 drone1  +0.7040  +0.1540  +0.5858  +0.2281  0.1395
  21.60 drone1  +0.6889  +0.1741  +0.5858  +0.2431  0.1240
  21.70 drone1  +0.6735  +0.1921  +0.5858  +0.2581  0.1098
  21.80 drone1  +0.6625  +0.2041  +0.5858  +0.2731  0.1032
  21.90 drone1  +0.6584  +0.2065  +0.5858  +0.2881  0.1093
  22.00 drone1  +0.6607  +0.2008  +0.5858  +0.3031  0.1268
  22.10 drone1  +0.6668  +0.1904  +0.5858  +0.3181  0.1513
  22.20 drone1  +0.6760  +0.1813  +0.5858  +0.3331  0.1766
  22.30 drone1  +0.6843  +0.1728  +0.5858  +0.3481  0.2011
  22.40 drone1  +0.6911  +0.1702  +0.5858  +0.3631  0.2198
  22.50 drone1  +0.6974  +0.1714  +0.5858  +0.3781  0.2349
  22.60 drone1  +0.7009  +0.1754  +0.5858  +0.3931  0.2463
  22.70 drone1  +0.7022  +0.1805  +0.5858  +0.4081  0.2557
  22.80 drone1  +0.7009  +0.1844  +0.5858  +0.4231  0.2650
  22.90 drone1  +0.6993  +0.1868  +0.5858  +0.4381  0.2758
  23.00 drone1  +0.6966  +0.1882  +0.5858  +0.4531  0.2872
  23.10 drone1  +0.6938  +0.1906  +0.5708  +0.4531  0.2899
  23.20 drone1  +0.6908  +0.1947  +0.5558  +0.4531  0.2916
  23.30 drone1  +0.6886  +0.1978  +0.5408  +0.4531  0.2950
  23.40 drone1  +0.6866  +0.1989  +0.5258  +0.4531  0.3008
  23.50 drone1  +0.6843  +0.1978  +0.5108  +0.4531  0.3087
  23.60 drone1  +0.6813  +0.1937  +0.4958  +0.4531  0.3189
  23.70 drone1  +0.6810  +0.1888  +0.4808  +0.4531  0.3316
  23.80 drone1  +0.6825  +0.1838  +0.4658  +0.4531  0.3457
  23.90 drone1  +0.6846  +0.1804  +0.4508  +0.4531  0.3593
  24.00 drone1  +0.6861  +0.1766  +0.4358  +0.4531  0.3730
  24.10 drone1  +0.6870  +0.1752  +0.4208  +0.4531  0.3849
  24.20 drone1  +0.6860  +0.1754  +0.4058  +0.4531  0.3946
  24.30 drone1  +0.6844  +0.1753  +0.3908  +0.4531  0.4042
  24.40 drone1  +0.6828  +0.1757  +0.3758  +0.4531  0.4138
  24.50 drone1  +0.6817  +0.1769  +0.3608  +0.4531  0.4234
  24.60 drone1  +0.6806  +0.1776  +0.3458  +0.4531  0.4337
  24.70 drone1  +0.6805  +0.1784  +0.3308  +0.4531  0.4447
  24.80 drone1  +0.6807  +0.1779  +0.3158  +0.4531  0.4570
  24.90 drone1  +0.6806  +0.1782  +0.3008  +0.4531  0.4689
  25.00 drone1  +0.6806  +0.1778  +0.2858  +0.4531  0.4813
  25.10 drone1  +0.6807  +0.1779  +0.2708  +0.4531  0.4938
  25.20 drone1  +0.6807  +0.1783  +0.2558  +0.4531  0.5061
  25.30 drone1  +0.6806  +0.1779  +0.2408  +0.4531  0.5188
  25.40 drone1  +0.6807  +0.1785  +0.2258  +0.4531  0.5314
  25.50 drone1  +0.6806  +0.1785  +0.2108  +0.4531  0.5442
  25.60 drone1  +0.6807  +0.1780  +0.1958  +0.4531  0.5575
  25.70 drone1  +0.6807  +0.1780  +0.1808  +0.4531  0.5706
  25.80 drone1  +0.6808  +0.1779  +0.1658  +0.4531  0.5839
  25.90 drone1  +0.6807  +0.1788  +0.1508  +0.4531  0.5968
  26.00 drone1  +0.6806  +0.1778  +0.1358  +0.4531  0.6104
  26.10 drone1  +0.6808  +0.1779  +0.1208  +0.4531  0.6240
  26.20 drone1  +0.6807  +0.1780  +0.1058  +0.4531  0.6374
  26.30 drone1  +0.6808  +0.1779  +0.0908  +0.4531  0.6511
  26.40 drone1  +0.6807  +0.1780  +0.0858  +0.4431  0.6513
  26.50 drone1  +0.6808  +0.1780  +0.0858  +0.4281  0.6454
  26.60 drone1  +0.6808  +0.1780  +0.0858  +0.4131  0.6398
  26.70 drone1  +0.6808  +0.1780  +0.0858  +0.3981  0.6344
  26.80 drone1  +0.6807  +0.1780  +0.0858  +0.3831  0.6293
  26.90 drone1  +0.6808  +0.1780  +0.0858  +0.3681  0.6246
  27.00 drone1  +0.6808  +0.1781  +0.0858  +0.3531  0.6202
  27.10 drone1  +0.6808  +0.1780  +0.0858  +0.3381  0.6162
  27.20 drone1  +0.6807  +0.1780  +0.0858  +0.3231  0.6124
  27.30 drone1  +0.6806  +0.1780  +0.0858  +0.3081  0.6089
  27.40 drone1  +0.6808  +0.1780  +0.0858  +0.2931  0.6061
  27.50 drone1  +0.6808  +0.1780  +0.0858  +0.2781  0.6034
  27.60 drone1  +0.6807  +0.1783  +0.0858  +0.2631  0.6010
  27.70 drone1  +0.6807  +0.1780  +0.0858  +0.2481  0.5990
  27.80 drone1  +0.6808  +0.1780  +0.0858  +0.2331  0.5976
  27.90 drone1  +0.6808  +0.1780  +0.0858  +0.2181  0.5963
  28.00 drone1  +0.6807  +0.1780  +0.0858  +0.2031  0.5955
  28.10 drone1  +0.6808  +0.1780  +0.0858  +0.1881  0.5951
  28.20 drone1  +0.6807  +0.1780  +0.0858  +0.1731  0.5950
  28.30 drone1  +0.6807  +0.1780  +0.0858  +0.1581  0.5952
  28.40 drone1  +0.6808  +0.1780  +0.0858  +0.1431  0.5960
  28.50 drone1  +0.6808  +0.1780  +0.0858  +0.1281  0.5971
  28.60 drone1  +0.6808  +0.1780  +0.0858  +0.1131  0.5985
  28.70 drone1  +0.6807  +0.1780  +0.0858  +0.0981  0.6003
  28.80 drone1  +0.6807  +0.1780  +0.0858  +0.0831  0.6025
  28.90 drone1  +0.6807  +0.1781  +0.0858  +0.0681  0.6050
  29.00 drone1  +0.6807  +0.1780  +0.0858  +0.0531  0.6079
  29.10 drone1  +0.6806  +0.1780  +0.0858  +0.0381  0.6111
  29.20 drone1  +0.6808  +0.1780  +0.0858  +0.0231  0.6148
  29.30 drone1  +0.6806  +0.1780  +0.0858  +0.0081  0.6186
  29.40 drone1  +0.6808  +0.1780  +0.0858  -0.0069  0.6230
  29.50 drone1  +0.6808  +0.1780  +0.0858  -0.0219  0.6277
  29.60 drone1  +0.6808  +0.1780  +0.0858  -0.0369  0.6326
  29.70 drone1  +0.6808  +0.1780  +0.0908  -0.0469  0.6314
  29.80 drone1  +0.6807  +0.1780  +0.1058  -0.0469  0.6173
  29.90 drone1  +0.6808  +0.1780  +0.1208  -0.0469  0.6035
  30.00 drone1  +0.6808  +0.1780  +0.1358  -0.0469  0.5896
  30.10 drone1  +0.6808  +0.1780  +0.1508  -0.0469  0.5757
  30.20 drone1  +0.6807  +0.1780  +0.1658  -0.0469  0.5618
  30.30 drone1  +0.6808  +0.1780  +0.1808  -0.0469  0.5483
  30.40 drone1  +0.6808  +0.1780  +0.1958  -0.0469  0.5346
  30.50 drone1  +0.6808  +0.1780  +0.2108  -0.0469  0.5210
  30.60 drone1  +0.6807  +0.1780  +0.2258  -0.0469  0.5074
  30.70 drone1  +0.6807  +0.1780  +0.2408  -0.0469  0.4940
  30.80 drone1  +0.6808  +0.1780  +0.2558  -0.0469  0.4808
  30.90 drone1  +0.6808  +0.1780  +0.2708  -0.0469  0.4676
  31.00 drone1  +0.6808  +0.1780  +0.2858  -0.0469  0.4545
  31.10 drone1  +0.6808  +0.1780  +0.3008  -0.0469  0.4415
  31.20 drone1  +0.6808  +0.1780  +0.3158  -0.0469  0.4287
  31.30 drone1  +0.6808  +0.1780  +0.3308  -0.0469  0.4160
  31.40 drone1  +0.6808  +0.1783  +0.3458  -0.0469  0.4037
  31.50 drone1  +0.6808  +0.1780  +0.3608  -0.0469  0.3912
  31.60 drone1  +0.6807  +0.1780  +0.3758  -0.0469  0.3788
  31.70 drone1  +0.6808  +0.1780  +0.3908  -0.0469  0.3670
  31.80 drone1  +0.6808  +0.1780  +0.4058  -0.0469  0.3552
  31.90 drone1  +0.6807  +0.1780  +0.4208  -0.0469  0.3437
  32.00 drone1  +0.6808  +0.1780  +0.4358  -0.0469  0.3326
