# Square flight log. Positions in metres, time in seconds
# since the algorithm started (motion begins at start_delay).
# t drone_id x y target_x target_y error
   0.10 drone1  +0.0046  +0.0083  +0.0046  +0.0083  0.0000
   0.20 drone1  +0.0048  +0.0083  +0.0046  +0.0083  0.0002
   0.30 drone1  +0.0055  +0.0080  +0.0046  +0.0083  0.0010
   0.40 drone1  +0.0048  +0.0082  +0.0046  +0.0083  0.0003
   0.50 drone1  +0.0052  +0.0086  +0.0046  +0.0083  0.0007
   0.60 drone1  +0.0048  +0.0086  +0.0046  +0.0083  0.0004
   0.70 drone1  +0.0047  +0.0085  +0.0046  +0.0083  0.0002
   0.80 drone1  +0.0047  +0.0091  +0.0046  +0.0083  0.0008
   0.90 drone1  +0.0049  +0.0084  +0.0046  +0.0083  0.0003
   1.00 drone1  +0.0048  +0.0084  +0.0046  +0.0083  0.0002
   1.10 drone1  +0.0048  +0.0087  +0.0046  +0.0083  0.0004
   1.20 drone1  +0.0048  +0.0085  +0.0046  +0.0083  0.0003
   1.30 drone1  +0.0048  +0.0087  +0.0046  +0.0083  0.0005
   1.40 drone1  +0.0049  +0.0088  +0.0046  +0.0083  0.0006
   1.50 drone1  +0.0044  +0.0092  +0.0046  +0.0083  0.0009
   1.60 drone1  +0.0046  +0.0091  +0.0046  +0.0083  0.0008
   1.70 drone1  +0.0045  +0.0093  +0.0046  +0.0083  0.0010
   1.80 drone1  +0.0049  +0.0083  +0.0046  +0.0083  0.0004
   1.90 drone1  +0.0047  +0.0091  +0.0046  +0.0083  0.0008
   2.00 drone1  +0.0052  +0.0085  +0.0046  +0.0083  0.0007
   2.10 drone1  +0.0049  +0.0087  +0.0046  +0.0083  0.0004
   2.20 drone1  +0.0053  +0.0086  +0.0046  +0.0083  0.0007
   2.30 drone1  +0.0047  +0.0087  +0.0046  +0.0083  0.0004
   2.40 drone1  +0.0054  +0.0086  +0.0046  +0.0083  0.0008
   2.50 drone1  +0.0048  +0.0084  +0.0046  +0.0083  0.0002
   2.60 drone1  +0.0049  +0.0083  +0.0046  +0.0083  0.0003
   2.70 drone1  +0.0049  +0.0085  +0.0046  +0.0083  0.0004
   2.80 drone1  +0.0051  +0.0079  +0.0046  +0.0083  0.0007
   2.90 drone1  +0.0047  +0.0087  +0.0046  +0.0083  0.0004
   3.00 drone1  +0.0052  +0.0086  +0.0046  +0.0083  0.0006
   3.10 drone1  +0.0049  +0.0084  +0.0196  +0.0083  0.0147
   3.20 drone1  +0.0049  +0.0086  +0.0346  +0.0083  0.0297
   3.30 drone1  +0.0051  +0.0083  +0.0496  +0.0083  0.0445
   3.40 drone1  +0.0051  +0.0088  +0.0646  +0.0083  0.0595
   3.50 drone1  +0.0050  +0.0084  +0.0796  +0.0083  0.0746
   3.60 drone1  +0.0055  +0.0089  +0.0946  +0.0083  0.0891
   3.70 drone1  +0.0047  +0.0093  +0.1096  +0.0083  0.1049
   3.80 drone1  +0.0051  +0.0083  +0.1246  +0.0083  0.1195
   3.90 drone1  +0.0050  +0.0082  +0.1396  +0.0083  0.1346
   4.00 drone1  +0.0051  +0.0085  +0.1546  +0.0083  0.1495
   4.10 drone1  +0.0051  +0.0082  +0.1696  +0.0083  0.1645
   4.20 drone1  +0.0050  +0.0085  +0.1846  +0.0083  0.1796
   4.30 drone1  +0.0050  +0.0089  +0.1996  +0.0083  0.1946
   4.40 drone1  +0.0050  +0.0085  +0.2146  +0.0086  0.2096
   4.50 drone1  +0.0050  +0.0087  +0.2295  +0.0104  0.2245
   4.60 drone1  +0.0048  +0.0084  +0.2441  +0.0136  0.2394
   4.70 drone1  +0.0050  +0.0085  +0.2584  +0.0183  0.2535
   4.80 drone1  +0.0052  +0.0082  +0.2721  +0.0243  0.2674
   4.90 drone1  +0.0049  +0.0087  +0.2851  +0.0318  0.2812
   5.00 drone1  +0.0050  +0.0085  +0.2974  +0.0404  0.2941
   5.10 drone1  +0.0051  +0.0083  +0.3087  +0.0503  0.3065
   5.20 drone1  +0.0050  +0.0085  +0.3189  +0.0612  0.3183
   5.30 drone1  +0.0053  +0.0079  +0.3280  +0.0731  0.3293
   5.40 drone1  +0.0051  +0.0087  +0.3359  +0.0859  0.3397
   5.50 drone1  +0.0050  +0.0083  +0.3425  +0.0993  0.3496
   5.60 drone1  +0.0051  +0.0087  +0.3477  +0.1134  0.3583
   5.70 drone1  +0.0051  +0.0087  +0.3515  +0.1279  0.3663
   5.80 drone1  +0.0048  +0.0085  +0.3538  +0.1427  0.3739
   5.90 drone1  +0.0051  +0.0082  +0.3546  +0.1577  0.3801
   6.00 drone1  +0.0049  +0.0082  +0.3546  +0.1727  0.3864
   6.10 drone1  +0.0051  +0.0088  +0.3546  +0.1877  0.3926
   6.20 drone1  +0.0051  +0.0088  +0.3546  +0.2027  0.3997
   6.30 drone1  +0.0051  +0.0088  +0.3546  +0.2177  0.4072
   6.40 drone1  +0.0054  +0.0084  +0.3546  +0.2327  0.4150
   6.50 drone1  +0.0054  +0.0081  +0.3546  +0.2477  0.4235
   6.60 drone1  +0.0051  +0.0085  +0.3546  +0.2627  0.4322
   6.70 drone1  +0.0050  +0.0084  +0.3546  +0.2777  0.4413
   6.80 drone1  +0.0050  +0.0084  +0.3546  +0.2927  0.4506
