# Square flight log. Positions in metres, time in seconds
# since the algorithm started (motion begins at start_delay).
# t drone_id x y target_x target_y error
   0.10 drone1  -0.9986  -1.0026  -0.9986  -1.0026  0.0000
   0.20 drone1  -0.9985  -1.0026  -0.9986  -1.0026  0.0001
   0.30 drone1  -0.9987  -1.0025  -0.9986  -1.0026  0.0001
   0.40 drone1  -0.9986  -1.0026  -0.9986  -1.0026  0.0001
   0.50 drone1  -0.9986  -1.0025  -0.9986  -1.0026  0.0001
   0.60 drone1  -0.9986  -1.0026  -0.9986  -1.0026  0.0001
   0.70 drone1  -0.9986  -1.0025  -0.9986  -1.0026  0.0001
   0.80 drone1  -0.9986  -1.0025  -0.9986  -1.0026  0.0001
   0.90 drone1  -0.9985  -1.0026  -0.9986  -1.0026  0.0001
   1.00 drone1  -0.9986  -1.0025  -0.9986  -1.0026  0.0001
   1.10 drone1  -0.9985  -1.0026  -0.9986  -1.0026  0.0001
   1.20 drone1  -0.9986  -1.0025  -0.9986  -1.0026  0.0001
   1.30 drone1  -0.9986  -1.0025  -0.9986  -1.0026  0.0001
   1.40 drone1  -0.9986  -1.0025  -0.9986  -1.0026  0.0001
   1.50 drone1  -0.9986  -1.0026  -0.9986  -1.0026  0.0001
   1.60 drone1  -0.9986  -1.0025  -0.9986  -1.0026  0.0001
   1.70 drone1  -0.9986  -1.0025  -0.9986  -1.0026  0.0001
   1.80 drone1  -0.9985  -1.0026  -0.9986  -1.0026  0.0001
   1.90 drone1  -0.9986  -1.0026  -0.9986  -1.0026  0.0001
   2.00 drone1  -0.9986  -1.0025  -0.9986  -1.0026  0.0001
   2.10 drone1  -0.9993  -1.0020  -0.9986  -1.0026  0.0010
   2.20 drone1  -0.9993  -1.0020  -0.9986  -1.0026  0.0010
   2.30 drone1  -0.9993  -1.0020  -0.9986  -1.0026  0.0010
   2.40 drone1  -0.9988  -1.0023  -0.9986  -1.0026  0.0004
   2.50 drone1  -0.9988  -1.0023  -0.9986  -1.0026  0.0004
   2.60 drone1  -0.9988  -1.0023  -0.9986  -1.0026  0.0004
   2.70 drone1  -0.9992  -1.0018  -0.9986  -1.0026  0.0010
   2.80 drone1  -0.9994  -1.0020  -0.9986  -1.0026  0.0010
   2.90 drone1  -0.9993  -1.0019  -0.9986  -1.0026  0.0010
   3.00 drone1  -0.9994  -1.0019  -0.9986  -1.0026  0.0010
   3.10 drone1  -0.9993  -1.0020  -0.9836  -1.0026  0.0157
   3.20 drone1  -0.9993  -1.0020  -0.9686  -1.0026  0.0307
   3.30 drone1  -0.9994  -1.0020  -0.9536  -1.0026  0.0458
   3.40 drone1  -0.9994  -1.0020  -0.9386  -1.0026  0.0608
   3.50 drone1  -0.9993  -1.0020  -0.9236  -1.0026  0.0757
   3.60 drone1  -0.9993  -1.0020  -0.9086  -1.0026  0.0907
   3.70 drone1  -0.9995  -1.0019  -0.8936  -1.0026  0.1059
   3.80 drone1  -0.9989  -1.0022  -0.8786  -1.0026  0.1203
   3.90 drone1  -0.9988  -1.0023  -0.8636  -1.0026  0.1352
   4.00 drone1  -0.9989  -1.0023  -0.8486  -1.0026  0.1503
   4.10 drone1  -0.9985  -1.0026  -0.8336  -1.0026  0.1649
   4.20 drone1  -0.9986  -1.0025  -0.8186  -1.0026  0.1800
   4.30 drone1  -0.9985  -1.0025  -0.8036  -1.0026  0.1949
   4.40 drone1  -0.9986  -1.0025  -0.7886  -1.0026  0.2100
   4.50 drone1  -0.9987  -1.0024  -0.7736  -1.0026  0.2250
   4.60 drone1  -0.9984  -1.0025  -0.7586  -1.0026  0.2397
   4.70 drone1  -0.9993  -1.0019  -0.7436  -1.0026  0.2557
   4.80 drone1  -0.9993  -1.0020  -0.7286  -1.0026  0.2707
   4.90 drone1  -0.9993  -1.0020  -0.7136  -1.0026  0.2857
   5.00 drone1  -0.9994  -1.0020  -0.6986  -1.0026  0.3008
   5.10 drone1  -0.9993  -1.0020  -0.6836  -1.0026  0.3157
   5.20 drone1  -0.9988  -1.0023  -0.6686  -1.0026  0.3302
   5.30 drone1  -0.9988  -1.0023  -0.6536  -1.0026  0.3452
   5.40 drone1  -0.9986  -1.0025  -0.6386  -1.0026  0.3600
   5.50 drone1  -0.9985  -1.0025  -0.6236  -1.0026  0.3749
   5.60 drone1  -0.9986  -1.0025  -0.6086  -1.0026  0.3899
   5.70 drone1  -0.9994  -1.0020  -0.5936  -1.0026  0.4058
   5.80 drone1  -0.9993  -1.0020  -0.5786  -1.0026  0.4207
   5.90 drone1  -0.9993  -1.0020  -0.5636  -1.0026  0.4357
   6.00 drone1  -0.9994  -1.0020  -0.5486  -1.0026  0.4508
   6.10 drone1  -0.9988  -1.0023  -0.5336  -1.0026  0.4652
   6.20 drone1  -0.9993  -1.0020  -0.5186  -1.0026  0.4807
   6.30 drone1  -0.9993  -1.0020  -0.5036  -1.0026  0.4957
   6.40 drone1  -0.9988  -1.0023  -0.4986  -0.9926  0.5003
   6.50 drone1  -0.9987  -1.0023  -0.4986  -0.9776  0.5007
   6.60 drone1  -0.9988  -1.0023  -0.4986  -0.9626  0.5017
   6.70 drone1  -0.9988  -1.0023  -0.4986  -0.9476  0.5032
   6.80 drone1  -0.9987  -1.0025  -0.4986  -0.9326  0.5049
   6.90 drone1  -0.9995  -1.0019  -0.4986  -0.9176  0.5080
   7.00 drone1  -0.9994  -1.0020  -0.4986  -0.9026  0.5105
   7.10 drone1  -0.9994  -1.0020  -0.4986  -0.8876  0.5137
   7.20 drone1  -0.9993  -1.0020  -0.4986  -0.8726  0.5171
   7.30 drone1  -0.9993  -1.0019  -0.4986  -0.8576  0.5211
   7.40 drone1  -0.9993  -1.0019  -0.4986  -0.8426  0.5254
   7.50 drone1  -0.9989  -1.0022  -0.4986  -0.8276  0.5299
   7.60 drone1  -0.9989  -1.0022  -0.4986  -0.8126  0.5350
   7.70 drone1  -0.9989  -1.0022  -0.4986  -0.7976  0.5405
   7.80 drone1  -0.9989  -1.0023  -0.4986  -0.7826  0.5464
   7.90 drone1  -0.9992  -1.0021  -0.4986  -0.7676  0.5527
   8.00 drone1  -0.9999  -1.0016  -0.4986  -0.7526  0.5597
   8.10 drone1  -1.0002  -1.0016  -0.4986  -0.7376  0.5668
   8.20 drone1  -0.9988  -1.0023  -0.4986  -0.7226  0.5731
   8.30 drone1  -0.9990  -1.0022  -0.4986  -0.7076  0.5807
   8.40 drone1  -0.9988  -1.0023  -0.4986  -0.6926  0.5883
   8.50 drone1  -0.9988  -1.0023  -0.4986  -0.6776  0.5964
   8.60 drone1  -0.9989  -1.0023  -0.4986  -0.6626  0.6048
   8.70 drone1  -0.9987  -1.0023  -0.4986  -0.6476  0.6131
