# Square flight log. Positions in metres, time in seconds
# since the algorithm started (motion begins at start_delay).
# t drone_id x y target_x target_y error
   0.10 drone1  -0.9718  -1.0356  -0.9718  -1.0356  0.0000
   0.20 drone1  -0.9656  -1.0456  -0.9718  -1.0356  0.0118
   0.30 drone1  -0.9610  -1.0507  -0.9718  -1.0356  0.0185
   0.40 drone1  -0.9560  -1.0544  -0.9718  -1.0356  0.0245
   0.50 drone1  -0.9512  -1.0557  -0.9718  -1.0356  0.0287
   0.60 drone1  -0.9493  -1.0550  -0.9718  -1.0356  0.0297
   0.70 drone1  -0.9480  -1.0551  -0.9718  -1.0356  0.0307
   0.80 drone1  -0.9465  -1.0561  -0.9718  -1.0356  0.0326
   0.90 drone1  -0.9460  -1.0562  -0.9718  -1.0356  0.0330
   1.00 drone1  -0.9458  -1.0576  -0.9718  -1.0356  0.0340
   1.10 drone1  -0.9473  -1.0589  -0.9718  -1.0356  0.0338
   1.20 drone1  -0.9499  -1.0601  -0.9718  -1.0356  0.0328
   1.30 drone1  -0.9526  -1.0611  -0.9718  -1.0356  0.0319
   1.40 drone1  -0.9546  -1.0627  -0.9718  -1.0356  0.0321
   1.50 drone1  -0.9572  -1.0639  -0.9718  -1.0356  0.0319
   1.60 drone1  -0.9600  -1.0648  -0.9718  -1.0356  0.0315
   1.70 drone1  -0.9609  -1.0668  -0.9718  -1.0356  0.0330
   1.80 drone1  -0.9604  -1.0695  -0.9718  -1.0356  0.0357
   1.90 drone1  -0.9597  -1.0727  -0.9718  -1.0356  0.0390
   2.00 drone1  -0.9595  -1.0766  -0.9718  -1.0356  0.0428
   2.10 drone1  -0.9595  -1.0790  -0.9718  -1.0356  0.0451
   2.20 drone1  -0.9594  -1.0814  -0.9718  -1.0356  0.0474
   2.30 drone1  -0.9581  -1.0832  -0.9718  -1.0356  0.0495
   2.40 drone1  -0.9573  -1.0845  -0.9718  -1.0356  0.0510
   2.50 drone1  -0.9568  -1.0858  -0.9718  -1.0356  0.0523
   2.60 drone1  -0.9578  -1.0858  -0.9718  -1.0356  0.0521
   2.70 drone1  -0.9575  -1.0865  -0.9718  -1.0356  0.0529
   2.80 drone1  -0.9561  -1.0874  -0.9718  -1.0356  0.0541
   2.90 drone1  -0.9559  -1.0880  -0.9718  -1.0356  0.0547
   3.00 drone1  -0.9555  -1.0882  -0.9718  -1.0356  0.0551
   3.10 drone1  -0.9544  -1.0882  -0.9568  -1.0356  0.0526
   3.20 drone1  -0.9544  -1.0867  -0.9418  -1.0356  0.0526
   3.30 drone1  -0.9559  -1.0831  -0.9268  -1.0356  0.0556
   3.40 drone1  -0.9556  -1.0797  -0.9118  -1.0356  0.0621
   3.50 drone1  -0.9567  -1.0780  -0.8968  -1.0356  0.0734
   3.60 drone1  -0.9577  -1.0816  -0.8818  -1.0356  0.0887
   3.70 drone1  -0.9566  -1.0929  -0.8668  -1.0356  0.1065
   3.80 drone1  -0.9503  -1.1117  -0.8518  -1.0356  0.1245
   3.90 drone1  -0.9333  -1.1400  -0.8368  -1.0356  0.1421
   4.00 drone1  -0.9059  -1.1729  -0.8218  -1.0356  0.1610
   4.10 drone1  -0.8685  -1.2029  -0.8068  -1.0356  0.1783
   4.20 drone1  -0.8237  -1.2245  -0.7918  -1.0356  0.1916
   4.30 drone1  -0.7737  -1.2309  -0.7768  -1.0356  0.1953
   4.40 drone1  -0.7286  -1.2232  -0.7618  -1.0356  0.1905
   4.50 drone1  -0.6792  -1.1978  -0.7468  -1.0356  0.1757
   4.60 drone1  -0.6434  -1.1639  -0.7318  -1.0356  0.1558
   4.70 drone1  -0.6201  -1.1244  -0.7168  -1.0356  0.1313
   4.80 drone1  -0.6114  -1.0909  -0.7018  -1.0356  0.1060
   4.90 drone1  -0.6124  -1.0574  -0.6868  -1.0356  0.0775
   5.00 drone1  -0.6219  -1.0383  -0.6718  -1.0356  0.0500
   5.10 drone1  -0.6368  -1.0296  -0.6568  -1.0356  0.0209
   5.20 drone1  -0.6487  -1.0342  -0.6418  -1.0356  0.0070
   5.30 drone1  -0.6586  -1.0493  -0.6268  -1.0356  0.0345
   5.40 drone1  -0.6589  -1.0691  -0.6118  -1.0356  0.0578
   5.50 drone1  -0.6499  -1.0894  -0.5968  -1.0356  0.0756
   5.60 drone1  -0.6329  -1.1076  -0.5818  -1.0356  0.0882
   5.70 drone1  -0.6097  -1.1201  -0.5668  -1.0356  0.0947
   5.80 drone1  -0.5849  -1.1267  -0.5518  -1.0356  0.0969
   5.90 drone1  -0.5533  -1.1278  -0.5368  -1.0356  0.0936
   6.00 drone1  -0.5261  -1.1236  -0.5218  -1.0356  0.0881
   6.10 drone1  -0.5120  -1.1237  -0.5068  -1.0356  0.0882
   6.20 drone1  -0.4800  -1.1075  -0.4918  -1.0356  0.0728
   6.30 drone1  -0.4607  -1.0999  -0.4768  -1.0356  0.0663
   6.40 drone1  -0.4463  -1.0933  -0.4718  -1.0256  0.0723
   6.50 drone1  -0.4352  -1.0888  -0.4718  -1.0106  0.0863
   6.60 drone1  -0.4284  -1.0835  -0.4718  -0.9956  0.0980
   6.70 drone1  -0.4269  -1.0736  -0.4718  -0.9806  0.1033
   6.80 drone1  -0.4287  -1.0548  -0.4718  -0.9656  0.0990
   6.90 drone1  -0.4325  -1.0325  -0.4718  -0.9506  0.0908
   7.00 drone1  -0.4368  -1.0068  -0.4718  -0.9356  0.0794
   7.10 drone1  -0.4392  -0.9850  -0.4718  -0.9206  0.0721
   7.20 drone1  -0.4421  -0.9599  -0.4718  -0.9056  0.0619
   7.30 drone1  -0.4443  -0.9403  -0.4718  -0.8906  0.0567
   7.40 drone1  -0.4464  -0.9244  -0.4718  -0.8756  0.0550
   7.50 drone1  -0.4480  -0.9097  -0.4718  -0.8606  0.0545
   7.60 drone1  -0.4492  -0.8948  -0.4718  -0.8456  0.0541
   7.70 drone1  -0.4494  -0.8805  -0.4718  -0.8306  0.0547
   7.80 drone1  -0.4498  -0.8649  -0.4718  -0.8156  0.0539
   7.90 drone1  -0.4567  -0.8555  -0.4718  -0.8006  0.0569
   8.00 drone1  -0.4483  -0.8310  -0.4718  -0.7856  0.0511
   8.10 drone1  -0.4458  -0.8140  -0.4718  -0.7706  0.0506
   8.20 drone1  -0.4444  -0.7986  -0.4718  -0.7556  0.0510
   8.30 drone1  -0.4440  -0.7842  -0.4718  -0.7406  0.0517
   8.40 drone1  -0.4419  -0.7707  -0.4718  -0.7256  0.0541
   8.50 drone1  -0.4398  -0.7596  -0.4718  -0.7106  0.0585
   8.60 drone1  -0.4349  -0.7440  -0.4718  -0.6956  0.0609
   8.70 drone1  -0.4302  -0.7297  -0.4718  -0.6806  0.0643
   8.80 drone1  -0.4325  -0.7170  -0.4718  -0.6656  0.0647
   8.90 drone1  -0.4259  -0.6981  -0.4718  -0.6506  0.0660
   9.00 drone1  -0.4135  -0.6733  -0.4718  -0.6356  0.0694
   9.10 drone1  -0.4102  -0.6546  -0.4718  -0.6206  0.0703
   9.20 drone1  -0.4124  -0.6399  -0.4718  -0.6056  0.0686
   9.30 drone1  -0.4176  -0.6279  -0.4718  -0.5906  0.0658
   9.40 drone1  -0.4257  -0.6162  -0.4718  -0.5756  0.0614
   9.50 drone1  -0.4319  -0.6031  -0.4718  -0.5606  0.0583
   9.60 drone1  -0.4353  -0.5870  -0.4718  -0.5456  0.0551
   9.70 drone1  -0.4370  -0.5680  -0.4768  -0.5356  0.0513
   9.80 drone1  -0.4358  -0.5478  -0.4918  -0.5356  0.0573
   9.90 drone1  -0.4364  -0.5292  -0.5068  -0.5356  0.0707
  10.00 drone1  -0.4420  -0.5166  -0.5218  -0.5356  0.0821
  10.10 drone1  -0.4526  -0.5114  -0.5368  -0.5356  0.0877
  10.20 drone1  -0.4713  -0.5108  -0.5518  -0.5356  0.0842
  10.30 drone1  -0.4918  -0.5119  -0.5668  -0.5356  0.0787
  10.40 drone1  -0.5141  -0.5117  -0.5818  -0.5356  0.0718
  10.50 drone1  -0.5377  -0.5085  -0.5968  -0.5356  0.0651
  10.60 drone1  -0.5586  -0.5041  -0.6118  -0.5356  0.0619
  10.70 drone1  -0.5756  -0.4992  -0.6268  -0.5356  0.0629
  10.80 drone1  -0.5944  -0.4942  -0.6418  -0.5356  0.0630
  10.90 drone1  -0.6091  -0.4925  -0.6568  -0.5356  0.0644
  11.00 drone1  -0.6266  -0.4933  -0.6718  -0.5356  0.0620
  11.10 drone1  -0.6415  -0.4953  -0.6868  -0.5356  0.0606
  11.20 drone1  -0.6648  -0.5076  -0.7018  -0.5356  0.0465
  11.30 drone1  -0.6725  -0.5031  -0.7168  -0.5356  0.0550
  11.40 drone1  -0.6870  -0.5086  -0.7318  -0.5356  0.0524
  11.50 drone1  -0.7006  -0.5137  -0.7468  -0.5356  0.0512
  11.60 drone1  -0.7130  -0.5191  -0.7618  -0.5356  0.0515
  11.70 drone1  -0.7275  -0.5236  -0.7768  -0.5356  0.0508
  11.80 drone1  -0.7416  -0.5259  -0.7918  -0.5356  0.0512
  11.90 drone1  -0.7556  -0.5271  -0.8068  -0.5356  0.0520
  12.00 drone1  -0.7694  -0.5265  -0.8218  -0.5356  0.0532
  12.10 drone1  -0.7828  -0.5263  -0.8368  -0.5356  0.0548
  12.20 drone1  -0.7952  -0.5242  -0.8518  -0.5356  0.0578
  12.30 drone1  -0.8048  -0.5235  -0.8668  -0.5356  0.0632
  12.40 drone1  -0.8201  -0.5216  -0.8818  -0.5356  0.0633
  12.50 drone1  -0.8332  -0.5195  -0.8968  -0.5356  0.0656
  12.60 drone1  -0.8464  -0.5184  -0.9118  -0.5356  0.0677
  12.70 drone1  -0.8605  -0.5175  -0.9268  -0.5356  0.0687
  12.80 drone1  -0.8741  -0.5162  -0.9418  -0.5356  0.0704
  12.90 drone1  -0.8877  -0.5162  -0.9568  -0.5356  0.0718
  13.00 drone1  -0.9051  -0.5166  -0.9718  -0.5356  0.0694
  13.10 drone1  -0.9230  -0.5180  -0.9718  -0.5506  0.0587
  13.20 drone1  -0.9411  -0.5209  -0.9718  -0.5656  0.0543
  13.30 drone1  -0.9572  -0.5277  -0.9718  -0.5806  0.0549
  13.40 drone1  -0.9666  -0.5390  -0.9718  -0.5956  0.0569
  13.50 drone1  -0.9690  -0.5565  -0.9718  -0.6106  0.0542
  13.60 drone1  -0.9667  -0.5775  -0.9718  -0.6256  0.0484
  13.70 drone1  -0.9613  -0.5990  -0.9718  -0.6406  0.0430
  13.80 drone1  -0.9562  -0.6180  -0.9718  -0.6556  0.0407
  13.90 drone1  -0.9516  -0.6373  -0.9718  -0.6706  0.0390
  14.00 drone1  -0.9493  -0.6537  -0.9718  -0.6856  0.0391
  14.10 drone1  -0.9481  -0.6670  -0.9718  -0.7006  0.0412
  14.20 drone1  -0.9499  -0.6813  -0.9718  -0.7156  0.0408
  14.30 drone1  -0.9536  -0.6934  -0.9718  -0.7306  0.0414
  14.40 drone1  -0.9591  -0.7103  -0.9718  -0.7456  0.0376
  14.50 drone1  -0.9643  -0.7277  -0.9718  -0.7606  0.0337
  14.60 drone1  -0.9693  -0.7463  -0.9718  -0.7756  0.0295
  14.70 drone1  -0.9715  -0.7643  -0.9718  -0.7906  0.0263
  14.80 drone1  -0.9713  -0.7829  -0.9718  -0.8056  0.0228
  14.90 drone1  -0.9702  -0.8015  -0.9718  -0.8206  0.0192
  15.00 drone1  -0.9684  -0.8197  -0.9718  -0.8356  0.0163
  15.10 drone1  -0.9670  -0.8356  -0.9718  -0.8506  0.0158
  15.20 drone1  -0.9666  -0.8515  -0.9718  -0.8656  0.0150
  15.30 drone1  -0.9661  -0.8681  -0.9718  -0.8806  0.0138
  15.40 drone1  -0.9667  -0.8833  -0.9718  -0.8956  0.0133
  15.50 drone1  -0.9675  -0.8990  -0.9718  -0.9106  0.0124
  15.60 drone1  -0.9666  -0.9167  -0.9718  -0.9256  0.0103
  15.70 drone1  -0.9655  -0.9336  -0.9718  -0.9406  0.0095
  15.80 drone1  -0.9642  -0.9514  -0.9718  -0.9556  0.0087
  15.90 drone1  -0.9613  -0.9680  -0.9718  -0.9706  0.0108
  16.00 drone1  -0.9605  -0.9865  -0.9718  -0.9856  0.0113
  16.10 drone1  -0.9601  -1.0018  -0.9718  -1.0006  0.0118
  16.20 drone1  -0.9597  -1.0174  -0.9718  -1.0156  0.0123
  16.30 drone1  -0.9598  -1.0322  -0.9718  -1.0306  0.0122
  16.40 drone1  -0.9616  -1.0468  -0.9618  -1.0356  0.0112
  16.50 drone1  -0.9631  -1.0620  -0.9468  -1.0356  0.0309
  16.60 drone1  -0.9610  -1.0751  -0.9318  -1.0356  0.0491
  16.70 drone1  -0.9515  -1.0831  -0.9168  -1.0356  0.0588
  16.80 drone1  -0.9350  -1.0859  -0.9018  -1.0356  0.0602
  16.90 drone1  -0.9136  -1.0846  -0.8868  -1.0356  0.0558
  17.00 drone1  -0.8920  -1.0795  -0.8718  -1.0356  0.0483
  17.10 drone1  -0.8704  -1.0731  -0.8568  -1.0356  0.0399
  17.20 drone1  -0.8541  -1.0681  -0.8418  -1.0356  0.0347
  17.30 drone1  -0.8375  -1.0634  -0.8268  -1.0356  0.0297
  17.40 drone1  -0.8247  -1.0613  -0.8118  -1.0356  0.0287
  17.50 drone1  -0.8126  -1.0609  -0.7968  -1.0356  0.0298
  17.60 drone1  -0.8014  -1.0621  -0.7818  -1.0356  0.0329
  17.70 drone1  -0.7894  -1.0637  -0.7668  -1.0356  0.0360
  17.80 drone1  -0.7741  -1.0660  -0.7518  -1.0356  0.0377
  17.90 drone1  -0.7582  -1.0681  -0.7368  -1.0356  0.0389
  18.00 drone1  -0.7405  -1.0694  -0.7218  -1.0356  0.0386
  18.10 drone1  -0.7208  -1.0710  -0.7068  -1.0356  0.0380
  18.20 drone1  -0.7002  -1.0722  -0.6918  -1.0356  0.0375
  18.30 drone1  -0.6792  -1.0729  -0.6768  -1.0356  0.0374
  18.40 drone1  -0.6594  -1.0731  -0.6618  -1.0356  0.0375
  18.50 drone1  -0.6402  -1.0735  -0.6468  -1.0356  0.0385
  18.60 drone1  -0.6234  -1.0738  -0.6318  -1.0356  0.0390
  18.70 drone1  -0.6085  -1.0734  -0.6168  -1.0356  0.0387
  18.80 drone1  -0.5946  -1.0720  -0.6018  -1.0356  0.0371
  18.90 drone1  -0.5812  -1.0698  -0.5868  -1.0356  0.0346
  19.00 drone1  -0.5673  -1.0663  -0.5718  -1.0356  0.0311
  19.10 drone1  -0.5534  -1.0632  -0.5568  -1.0356  0.0278
  19.20 drone1  -0.5382  -1.0605  -0.5418  -1.0356  0.0251
  19.30 drone1  -0.5235  -1.0591  -0.5268  -1.0356  0.0237
  19.40 drone1  -0.5101  -1.0592  -0.5118  -1.0356  0.0236
  19.50 drone1  -0.4948  -1.0590  -0.4968  -1.0356  0.0234
  19.60 drone1  -0.4796  -1.0587  -0.4818  -1.0356  0.0232
  19.70 drone1  -0.4642  -1.0562  -0.4718  -1.0306  0.0267
  19.80 drone1  -0.4491  -1.0525  -0.4718  -1.0156  0.0433
  19.90 drone1  -0.4373  -1.0443  -0.4718  -1.0006  0.0556
  20.00 drone1  -0.4306  -1.0303  -0.4718  -0.9856  0.0608
  20.10 drone1  -0.4308  -1.0095  -0.4718  -0.9706  0.0565
  20.20 drone1  -0.4344  -0.9877  -0.4718  -0.9556  0.0493
  20.30 drone1  -0.4398  -0.9657  -0.4718  -0.9406  0.0407
  20.40 drone1  -0.4445  -0.9480  -0.4718  -0.9256  0.0353
  20.50 drone1  -0.4491  -0.9305  -0.4718  -0.9106  0.0301
  20.60 drone1  -0.4526  -0.9153  -0.4718  -0.8956  0.0275
  20.70 drone1  -0.4560  -0.8983  -0.4718  -0.8806  0.0238
  20.80 drone1  -0.4572  -0.8858  -0.4718  -0.8656  0.0249
  20.90 drone1  -0.4549  -0.8827  -0.4718  -0.8506  0.0362
  21.00 drone1  -0.4496  -0.8898  -0.4718  -0.8356  0.0586
  21.10 drone1  -0.4439  -0.8986  -0.4718  -0.8206  0.0828
  21.20 drone1  -0.4305  -0.9223  -0.4718  -0.8056  0.1238
  21.30 drone1  -0.4219  -0.9374  -0.4718  -0.7906  0.1550
  21.40 drone1  -0.4159  -0.9489  -0.4718  -0.7756  0.1820
  21.50 drone1  -0.4125  -0.9564  -0.4718  -0.7606  0.2046
  21.60 drone1  -0.4164  -0.9651  -0.4718  -0.7456  0.2264
  21.70 drone1  -0.4144  -0.9671  -0.4718  -0.7306  0.2433
  21.80 drone1  -0.4112  -0.9660  -0.4718  -0.7156  0.2575
  21.90 drone1  -0.4036  -0.9582  -0.4718  -0.7006  0.2664
  22.00 drone1  -0.4043  -0.9604  -0.4718  -0.6856  0.2830
  22.10 drone1  -0.4064  -0.9658  -0.4718  -0.6706  0.3023
  22.20 drone1  -0.4090  -0.9725  -0.4718  -0.6556  0.3230
  22.30 drone1  -0.4128  -0.9790  -0.4718  -0.6406  0.3435
  22.40 drone1  -0.4149  -0.9833  -0.4718  -0.6256  0.3622
  22.50 drone1  -0.4150  -0.9855  -0.4718  -0.6106  0.3791
  22.60 drone1  -0.4133  -0.9855  -0.4718  -0.5956  0.3942
  22.70 drone1  -0.4115  -0.9837  -0.4718  -0.5806  0.4075
  22.80 drone1  -0.4091  -0.9799  -0.4718  -0.5656  0.4190
  22.90 drone1  -0.4055  -0.9766  -0.4718  -0.5506  0.4311
  23.00 drone1  -0.4024  -0.9742  -0.4718  -0.5356  0.4441
  23.10 drone1  -0.3989  -0.9714  -0.4868  -0.5356  0.4445
  23.20 drone1  -0.3971  -0.9684  -0.5018  -0.5356  0.4453
  23.30 drone1  -0.4032  -0.9727  -0.5168  -0.5356  0.4516
  23.40 drone1  -0.3951  -0.9641  -0.5318  -0.5356  0.4497
  23.50 drone1  -0.3929  -0.9612  -0.5468  -0.5356  0.4525
  23.60 drone1  -0.3937  -0.9603  -0.5618  -0.5356  0.4568
  23.70 drone1  -0.3934  -0.9610  -0.5768  -0.5356  0.4632
  23.80 drone1  -0.3941  -0.9638  -0.5918  -0.5356  0.4716
  23.90 drone1  -0.3956  -0.9662  -0.6068  -0.5356  0.4796
  24.00 drone1  -0.3953  -0.9688  -0.6218  -0.5356  0.4888
  24.10 drone1  -0.3941  -0.9699  -0.6368  -0.5356  0.4975
  24.20 drone1  -0.3937  -0.9703  -0.6518  -0.5356  0.5055
  24.30 drone1  -0.3925  -0.9695  -0.6668  -0.5356  0.5133
  24.40 drone1  -0.3905  -0.9676  -0.6818  -0.5356  0.5211
  24.50 drone1  -0.3909  -0.9624  -0.6968  -0.5356  0.5251
  24.60 drone1  -0.4005  -0.9631  -0.7118  -0.5356  0.5288
  24.70 drone1  -0.3983  -0.9484  -0.7268  -0.5356  0.5275
  24.80 drone1  -0.3983  -0.9466  -0.7418  -0.5356  0.5356
  24.90 drone1  -0.3988  -0.9468  -0.7568  -0.5356  0.5452
  25.00 drone1  -0.3985  -0.9470  -0.7718  -0.5356  0.5555
  25.10 drone1  -0.3995  -0.9465  -0.7868  -0.5356  0.5647
  25.20 drone1  -0.3987  -0.9468  -0.8018  -0.5356  0.5758
  25.30 drone1  -0.4048  -0.9537  -0.8168  -0.5356  0.5870
  25.40 drone1  -0.3993  -0.9464  -0.8318  -0.5356  0.5965
  25.50 drone1  -0.3989  -0.9469  -0.8468  -0.5356  0.6081
  25.60 drone1  -0.3989  -0.9467  -0.8618  -0.5356  0.6191
  25.70 drone1  -0.3990  -0.9467  -0.8768  -0.5356  0.6303
  25.80 drone1  -0.3986  -0.9469  -0.8918  -0.5356  0.6421
  25.90 drone1  -0.3988  -0.9466  -0.9068  -0.5356  0.6534
  26.00 drone1  -0.3987  -0.9467  -0.9218  -0.5356  0.6654
  26.10 drone1  -0.3987  -0.9468  -0.9368  -0.5356  0.6772
  26.20 drone1  -0.3992  -0.9464  -0.9518  -0.5356  0.6886
  26.30 drone1  -0.4047  -0.9543  -0.9668  -0.5356  0.7009
  26.40 drone1  -0.4045  -0.9535  -0.9718  -0.5456  0.6987
  26.50 drone1  -0.3991  -0.9464  -0.9718  -0.5606  0.6905
  26.60 drone1  -0.3991  -0.9464  -0.9718  -0.5756  0.6823
  26.70 drone1  -0.3989  -0.9466  -0.9718  -0.5906  0.6745
  26.80 drone1  -0.3988  -0.9468  -0.9718  -0.6056  0.6669
  26.90 drone1  -0.3991  -0.9464  -0.9718  -0.6206  0.6589
  27.00 drone1  -0.3991  -0.9464  -0.9718  -0.6356  0.6516
  27.10 drone1  -0.3990  -0.9465  -0.9718  -0.6506  0.6447
  27.20 drone1  -0.3989  -0.9461  -0.9718  -0.6656  0.6379
  27.30 drone1  -0.3990  -0.9463  -0.9718  -0.6806  0.6314
  27.40 drone1  -0.3990  -0.9464  -0.9718  -0.6956  0.6253
  27.50 drone1  -0.3992  -0.9463  -0.9718  -0.7106  0.6192
  27.60 drone1  -0.3990  -0.9465  -0.9718  -0.7256  0.6139
  27.70 drone1  -0.3990  -0.9464  -0.9718  -0.7406  0.6087
  27.80 drone1  -0.3991  -0.9463  -0.9718  -0.7556  0.6036
  27.90 drone1  -0.3986  -0.9464  -0.9718  -0.7706  0.5995
  28.00 drone1  -0.3988  -0.9463  -0.9718  -0.7856  0.5952
  28.10 drone1  -0.3990  -0.9464  -0.9718  -0.8006  0.5911
  28.20 drone1  -0.3990  -0.9463  -0.9718  -0.8156  0.5875
  28.30 drone1  -0.3991  -0.9464  -0.9718  -0.8306  0.5843
  28.40 drone1  -0.3988  -0.9466  -0.9718  -0.8456  0.5819
  28.50 drone1  -0.3987  -0.9467  -0.9718  -0.8606  0.5796
  28.60 drone1  -0.3990  -0.9465  -0.9718  -0.8756  0.5772
  28.70 drone1  -0.3990  -0.9463  -0.9718  -0.8906  0.5755
  28.80 drone1  -0.3989  -0.9465  -0.9718  -0.9056  0.5743
  28.90 drone1  -0.3991  -0.9464  -0.9718  -0.9206  0.5733
  29.00 drone1  -0.3989  -0.9465  -0.9718  -0.9356  0.5731
  29.10 drone1  -0.3990  -0.9464  -0.9718  -0.9506  0.5728
  29.20 drone1  -0.3988  -0.9467  -0.9718  -0.9656  0.5734
  29.30 drone1  -0.3990  -0.9463  -0.9718  -0.9806  0.5739
