# Square flight log. Positions in metres, time in seconds
# since the algorithm started (motion begins at start_delay).
# t drone_id x y target_x target_y error
   0.10 drone1  -0.9433  -1.0612  -0.9433  -1.0612  0.0000
   0.20 drone1  -0.9432  -1.0612  -0.9433  -1.0612  0.0001
   0.30 drone1  -0.9433  -1.0611  -0.9433  -1.0612  0.0001
   0.40 drone1  -0.9431  -1.0612  -0.9433  -1.0612  0.0001
   0.50 drone1  -0.9432  -1.0613  -0.9433  -1.0612  0.0001
   0.60 drone1  -0.9432  -1.0614  -0.9433  -1.0612  0.0001
   0.70 drone1  -0.9431  -1.0614  -0.9433  -1.0612  0.0002
   0.80 drone1  -0.9429  -1.0614  -0.9433  -1.0612  0.0004
   0.90 drone1  -0.9432  -1.0612  -0.9433  -1.0612  0.0001
   1.00 drone1  -0.9431  -1.0614  -0.9433  -1.0612  0.0002
   1.10 drone1  -0.9432  -1.0611  -0.9433  -1.0612  0.0001
   1.20 drone1  -0.9434  -1.0611  -0.9433  -1.0612  0.0002
   1.30 drone1  -0.9430  -1.0613  -0.9433  -1.0612  0.0002
   1.40 drone1  -0.9432  -1.0613  -0.9433  -1.0612  0.0001
   1.50 drone1  -0.9429  -1.0616  -0.9433  -1.0612  0.0005
   1.60 drone1  -0.9430  -1.0613  -0.9433  -1.0612  0.0003
   1.70 drone1  -0.9430  -1.0615  -0.9433  -1.0612  0.0003
   1.80 drone1  -0.9432  -1.0610  -0.9433  -1.0612  0.0002
   1.90 drone1  -0.9431  -1.0613  -0.9433  -1.0612  0.0002
   2.00 drone1  -0.9430  -1.0614  -0.9433  -1.0612  0.0003
   2.10 drone1  -0.9433  -1.0611  -0.9433  -1.0612  0.0001
   2.20 drone1  -0.9432  -1.0613  -0.9433  -1.0612  0.0001
   2.30 drone1  -0.9434  -1.0610  -0.9433  -1.0612  0.0002
   2.40 drone1  -0.9433  -1.0612  -0.9433  -1.0612  0.0001
   2.50 drone1  -0.9430  -1.0615  -0.9433  -1.0612  0.0004
   2.60 drone1  -0.9425  -1.0618  -0.9433  -1.0612  0.0010
   2.70 drone1  -0.9433  -1.0612  -0.9433  -1.0612  0.0001
   2.80 drone1  -0.9431  -1.0613  -0.9433  -1.0612  0.0002
   2.90 drone1  -0.9433  -1.0612  -0.9433  -1.0612  0.0001
   3.00 drone1  -0.9433  -1.0612  -0.9433  -1.0612  0.0001
   3.10 drone1  -0.9433  -1.0611  -0.9183  -1.0612  0.0251
   3.20 drone1  -0.9430  -1.0615  -0.8933  -1.0612  0.0497
   3.30 drone1  -0.9431  -1.0613  -0.8683  -1.0612  0.0748
   3.40 drone1  -0.9432  -1.0612  -0.8433  -1.0612  0.0999
   3.50 drone1  -0.9433  -1.0611  -0.8183  -1.0612  0.1251
   3.60 drone1  -0.9432  -1.0613  -0.7933  -1.0612  0.1500
   3.70 drone1  -0.9431  -1.0614  -0.7683  -1.0612  0.1749
   3.80 drone1  -0.9434  -1.0610  -0.7433  -1.0612  0.2001
   3.90 drone1  -0.9434  -1.0611  -0.7183  -1.0612  0.2251
   4.00 drone1  -0.9432  -1.0613  -0.6933  -1.0612  0.2499
   4.10 drone1  -0.9431  -1.0614  -0.6683  -1.0612  0.2748
   4.20 drone1  -0.9432  -1.0614  -0.6433  -1.0612  0.2999
   4.30 drone1  -0.9433  -1.0613  -0.6183  -1.0612  0.3250
   4.40 drone1  -0.9430  -1.0613  -0.5933  -1.0612  0.3498
   4.50 drone1  -0.9432  -1.0612  -0.5683  -1.0612  0.3749
   4.60 drone1  -0.9432  -1.0611  -0.5433  -1.0612  0.3999
   4.70 drone1  -0.9431  -1.0613  -0.5183  -1.0612  0.4248
   4.80 drone1  -0.9433  -1.0611  -0.4933  -1.0612  0.4500
   4.90 drone1  -0.9429  -1.0616  -0.4683  -1.0612  0.4747
   5.00 drone1  -0.9430  -1.0614  -0.4433  -1.0612  0.4997
   5.10 drone1  -0.9433  -1.0610  -0.4183  -1.0612  0.5250
   5.20 drone1  -0.9429  -1.0615  -0.3933  -1.0612  0.5497
   5.30 drone1  -0.9432  -1.0612  -0.3683  -1.0612  0.5750
   5.40 drone1  -0.9431  -1.0614  -0.3433  -1.0612  0.5999
   5.50 drone1  -0.9433  -1.0611  -0.3183  -1.0612  0.6250
   5.60 drone1  -0.9433  -1.0611  -0.2933  -1.0612  0.6501
   5.70 drone1  -0.9433  -1.0610  -0.2683  -1.0612  0.6750
   5.80 drone1  -0.9431  -1.0613  -0.2433  -1.0612  0.6998
   5.90 drone1  -0.9432  -1.0613  -0.2183  -1.0612  0.7249
   6.00 drone1  -0.9432  -1.0613  -0.1933  -1.0612  0.7499
   6.10 drone1  -0.9430  -1.0613  -0.1683  -1.0612  0.7747
   6.20 drone1  -0.9431  -1.0613  -0.1433  -1.0612  0.7998
   6.30 drone1  -0.9430  -1.0613  -0.1183  -1.0612  0.8247
   6.40 drone1  -0.9432  -1.0613  -0.0933  -1.0612  0.8499
   6.50 drone1  -0.9432  -1.0612  -0.0683  -1.0612  0.8749
   6.60 drone1  -0.9432  -1.0612  -0.0433  -1.0612  0.8999
   6.70 drone1  -0.9430  -1.0614  -0.0183  -1.0612  0.9248
   6.80 drone1  -0.9428  -1.0618  +0.0067  -1.0612  0.9495
   6.90 drone1  -0.9431  -1.0611  +0.0317  -1.0612  0.9748
   7.00 drone1  -0.9424  -1.0620  +0.0567  -1.0612  0.9992
   7.10 drone1  -0.9431  -1.0614  +0.0567  -1.0362  1.0001
   7.20 drone1  -0.9431  -1.0614  +0.0567  -1.0112  1.0011
   7.30 drone1  -0.9430  -1.0613  +0.0567  -0.9862  1.0026
   7.40 drone1  -0.9430  -1.0613  +0.0567  -0.9612  1.0047
   7.50 drone1  -0.9432  -1.0612  +0.0567  -0.9362  1.0077
   7.60 drone1  -0.9432  -1.0611  +0.0567  -0.9112  1.0111
   7.70 drone1  -0.9433  -1.0611  +0.0567  -0.8862  1.0152
   7.80 drone1  -0.9430  -1.0612  +0.0567  -0.8612  1.0196
   7.90 drone1  -0.9432  -1.0611  +0.0567  -0.8362  1.0249
   8.00 drone1  -0.9432  -1.0613  +0.0567  -0.8112  1.0308
   8.10 drone1  -0.9429  -1.0615  +0.0567  -0.7862  1.0368
   8.20 drone1  -0.9433  -1.0610  +0.0567  -0.7612  1.0440
   8.30 drone1  -0.9433  -1.0613  +0.0567  -0.7362  1.0515
   8.40 drone1  -0.9425  -1.0621  +0.0567  -0.7112  1.0590
   8.50 drone1  -0.9431  -1.0613  +0.0567  -0.6862  1.0678
   8.60 drone1  -0.9428  -1.0616  +0.0567  -0.6612  1.0767
   8.70 drone1  -0.9433  -1.0610  +0.0567  -0.6362  1.0865
   8.80 drone1  -0.9432  -1.0611  +0.0567  -0.6112  1.0964
   8.90 drone1  -0.9430  -1.0612  +0.0567  -0.5862  1.1069
   9.00 drone1  -0.9430  -1.0612  +0.0567  -0.5612  1.1178
   9.10 drone1  -0.9432  -1.0612  +0.0567  -0.5362  1.1294
   9.20 drone1  -0.9428  -1.0618  +0.0567  -0.5112  1.1411
   9.30 drone1  -0.9430  -1.0616  +0.0567  -0.4862  1.1535
   9.40 drone1  -0.9432  -1.0613  +0.0567  -0.4612  1.1661
   9.50 drone1  -0.9429  -1.0615  +0.0567  -0.4362  1.1790
   9.60 drone1  -0.9430  -1.0613  +0.0567  -0.4112  1.1925
   9.70 drone1  -0.9429  -1.0613  +0.0567  -0.3862  1.2062
   9.80 drone1  -0.9431  -1.0613  +0.0567  -0.3612  1.2206
   9.90 drone1  -0.9428  -1.0616  +0.0567  -0.3362  1.2350
  10.00 drone1  -0.9430  -1.0613  +0.0567  -0.3112  1.2499
  10.10 drone1  -0.9427  -1.0614  +0.0567  -0.2862  1.2648
  10.20 drone1  -0.9421  -1.0622  +0.0567  -0.2612  1.2803
  10.30 drone1  -0.9427  -1.0616  +0.0567  -0.2362  1.2962
  10.40 drone1  -0.9431  -1.0614  +0.0567  -0.2112  1.3124
  10.50 drone1  -0.9424  -1.0621  +0.0567  -0.1862  1.3287
  10.60 drone1  -0.9427  -1.0620  +0.0567  -0.1612  1.3454
  10.70 drone1  -0.9432  -1.0612  +0.0567  -0.1362  1.3622
  10.80 drone1  -0.9430  -1.0614  +0.0567  -0.1112  1.3792
  10.90 drone1  -0.9430  -1.0614  +0.0567  -0.0862  1.3966
  11.00 drone1  -0.9425  -1.0619  +0.0567  -0.0612  1.4141
  11.10 drone1  -0.9428  -1.0616  +0.0317  -0.0612  1.3966
  11.20 drone1  -0.9430  -1.0613  +0.0067  -0.0612  1.3792
  11.30 drone1  -0.9430  -1.0614  -0.0183  -0.0612  1.3622
  11.40 drone1  -0.9430  -1.0617  -0.0433  -0.0612  1.3455
  11.50 drone1  -0.9432  -1.0613  -0.0683  -0.0612  1.3287
  11.60 drone1  -0.9433  -1.0612  -0.0933  -0.0612  1.3125
  11.70 drone1  -0.9431  -1.0613  -0.1183  -0.0612  1.2963
  11.80 drone1  -0.9433  -1.0611  -0.1433  -0.0612  1.2805
  11.90 drone1  -0.9430  -1.0614  -0.1683  -0.0612  1.2651
  12.00 drone1  -0.9431  -1.0611  -0.1933  -0.0612  1.2498
  12.10 drone1  -0.9430  -1.0614  -0.2183  -0.0612  1.2352
  12.20 drone1  -0.9431  -1.0614  -0.2433  -0.0612  1.2206
  12.30 drone1  -0.9433  -1.0610  -0.2683  -0.0612  1.2063
  12.40 drone1  -0.9430  -1.0613  -0.2933  -0.0612  1.1926
  12.50 drone1  -0.9429  -1.0616  -0.3183  -0.0612  1.1794
  12.60 drone1  -0.9431  -1.0612  -0.3433  -0.0612  1.1661
  12.70 drone1  -0.9429  -1.0614  -0.3683  -0.0612  1.1535
  12.80 drone1  -0.9431  -1.0614  -0.3933  -0.0612  1.1414
  12.90 drone1  -0.9431  -1.0611  -0.4183  -0.0612  1.1292
  13.00 drone1  -0.9430  -1.0613  -0.4433  -0.0612  1.1179
  13.10 drone1  -0.9433  -1.0611  -0.4683  -0.0612  1.1070
