# Square flight log. Positions in metres, time in seconds
# since the algorithm started (motion begins at start_delay).
# t drone_id x y target_x target_y error
   0.10 drone1  -0.3119  -0.9558  -0.3119  -0.9558  0.0000
   0.20 drone1  -0.3130  -0.9567  -0.3119  -0.9558  0.0014
   0.30 drone1  -0.3155  -0.9595  -0.3119  -0.9558  0.0051
   0.40 drone1  -0.3184  -0.9623  -0.3119  -0.9558  0.0092
   0.50 drone1  -0.3230  -0.9687  -0.3119  -0.9558  0.0170
   0.60 drone1  -0.3269  -0.9734  -0.3119  -0.9558  0.0231
   0.70 drone1  -0.3314  -0.9781  -0.3119  -0.9558  0.0296
   0.80 drone1  -0.3349  -0.9821  -0.3119  -0.9558  0.0349
   0.90 drone1  -0.3377  -0.9866  -0.3119  -0.9558  0.0402
   1.00 drone1  -0.3404  -0.9915  -0.3119  -0.9558  0.0456
   1.10 drone1  -0.3435  -0.9976  -0.3119  -0.9558  0.0524
   1.20 drone1  -0.3475  -1.0031  -0.3119  -0.9558  0.0591
   1.30 drone1  -0.3526  -1.0093  -0.3119  -0.9558  0.0672
   1.40 drone1  -0.3575  -1.0148  -0.3119  -0.9558  0.0745
   1.50 drone1  -0.3627  -1.0187  -0.3119  -0.9558  0.0808
   1.60 drone1  -0.3668  -1.0209  -0.3119  -0.9558  0.0852
   1.70 drone1  -0.3697  -1.0220  -0.3119  -0.9558  0.0879
   1.80 drone1  -0.3713  -1.0212  -0.3119  -0.9558  0.0883
   1.90 drone1  -0.3730  -1.0188  -0.3119  -0.9558  0.0878
   2.00 drone1  -0.3723  -1.0160  -0.3119  -0.9558  0.0852
   2.10 drone1  -0.3705  -1.0131  -0.3119  -0.9558  0.0819
   2.20 drone1  -0.3686  -1.0102  -0.3119  -0.9558  0.0786
   2.30 drone1  -0.3657  -1.0066  -0.3119  -0.9558  0.0739
   2.40 drone1  -0.3629  -1.0040  -0.3119  -0.9558  0.0701
   2.50 drone1  -0.3613  -1.0016  -0.3119  -0.9558  0.0674
   2.60 drone1  -0.3603  -0.9991  -0.3119  -0.9558  0.0649
   2.70 drone1  -0.3601  -0.9975  -0.3119  -0.9558  0.0638
   2.80 drone1  -0.3566  -0.9969  -0.3119  -0.9558  0.0607
   2.90 drone1  -0.3482  -0.9983  -0.3119  -0.9558  0.0559
   3.00 drone1  -0.3369  -1.0004  -0.3119  -0.9558  0.0511
   3.10 drone1  -0.3227  -1.0029  -0.2969  -0.9558  0.0536
   3.20 drone1  -0.3076  -1.0059  -0.2819  -0.9558  0.0562
   3.30 drone1  -0.2967  -1.0156  -0.2669  -0.9558  0.0668
   3.40 drone1  -0.2676  -1.0109  -0.2519  -0.9558  0.0573
   3.50 drone1  -0.2440  -1.0129  -0.2369  -0.9558  0.0575
   3.60 drone1  -0.2207  -1.0146  -0.2219  -0.9558  0.0587
   3.70 drone1  -0.2054  -1.0155  -0.2069  -0.9558  0.0597
   3.80 drone1  -0.1798  -1.0165  -0.1919  -0.9558  0.0618
   3.90 drone1  -0.1624  -1.0160  -0.1769  -0.9558  0.0619
   4.00 drone1  -0.1450  -1.0140  -0.1619  -0.9558  0.0606
   4.10 drone1  -0.1274  -1.0103  -0.1469  -0.9558  0.0579
   4.20 drone1  -0.1171  -1.0139  -0.1319  -0.9558  0.0599
   4.30 drone1  -0.0988  -1.0100  -0.1169  -0.9558  0.0572
   4.40 drone1  -0.0732  -0.9996  -0.1019  -0.9555  0.0527
   4.50 drone1  -0.0644  -1.0074  -0.0870  -0.9538  0.0582
   4.60 drone1  -0.0435  -1.0026  -0.0724  -0.9505  0.0595
   4.70 drone1  -0.0330  -1.0083  -0.0581  -0.9459  0.0673
   4.80 drone1  -0.0272  -1.0152  -0.0444  -0.9398  0.0773
   4.90 drone1  -0.0227  -1.0200  -0.0314  -0.9324  0.0880
   5.00 drone1  -0.0181  -1.0200  -0.0191  -0.9237  0.0963
   5.10 drone1  -0.0181  -1.0225  -0.0078  -0.9139  0.1091
   5.20 drone1  -0.0100  -1.0121  +0.0024  -0.9029  0.1099
   5.30 drone1  +0.0009  -0.9965  +0.0116  -0.8910  0.1060
   5.40 drone1  +0.0172  -0.9775  +0.0194  -0.8783  0.0992
   5.50 drone1  +0.0366  -0.9518  +0.0260  -0.8648  0.0876
   5.60 drone1  +0.0490  -0.9371  +0.0312  -0.8508  0.0882
   5.70 drone1  +0.0581  -0.9268  +0.0350  -0.8362  0.0934
   5.80 drone1  +0.0640  -0.9183  +0.0373  -0.8214  0.1005
   5.90 drone1  +0.0692  -0.9083  +0.0381  -0.8065  0.1065
   6.00 drone1  +0.0725  -0.8942  +0.0381  -0.7915  0.1083
   6.10 drone1  +0.0759  -0.8759  +0.0381  -0.7765  0.1064
   6.20 drone1  +0.0797  -0.8529  +0.0381  -0.7615  0.1005
   6.30 drone1  +0.0820  -0.8272  +0.0381  -0.7465  0.0919
   6.40 drone1  +0.0872  -0.8015  +0.0381  -0.7315  0.0855
   6.50 drone1  +0.0854  -0.7833  +0.0381  -0.7165  0.0819
   6.60 drone1  +0.0903  -0.7607  +0.0381  -0.7015  0.0790
   6.70 drone1  +0.0986  -0.7288  +0.0381  -0.6865  0.0739
   6.80 drone1  +0.0948  -0.6924  +0.0381  -0.6715  0.0604
   6.90 drone1  +0.0820  -0.6392  +0.0381  -0.6565  0.0472
   7.00 drone1  +0.0607  -0.5759  +0.0381  -0.6415  0.0694
   7.10 drone1  +0.0381  -0.5104  +0.0381  -0.6265  0.1160
   7.20 drone1  +0.0212  -0.4534  +0.0381  -0.6115  0.1590
   7.30 drone1  +0.0164  -0.4086  +0.0378  -0.5965  0.1891
   7.40 drone1  +0.0240  -0.3789  +0.0361  -0.5816  0.2030
   7.50 drone1  +0.0380  -0.3642  +0.0330  -0.5669  0.2027
   7.60 drone1  +0.0545  -0.3608  +0.0284  -0.5526  0.1937
   7.70 drone1  +0.0674  -0.3652  +0.0223  -0.5389  0.1795
   7.80 drone1  +0.0736  -0.3740  +0.0150  -0.5258  0.1628
   7.90 drone1  +0.0717  -0.3831  +0.0064  -0.5136  0.1459
   8.00 drone1  +0.0627  -0.3913  -0.0034  -0.5022  0.1292
   8.10 drone1  +0.0432  -0.4052  -0.0143  -0.4919  0.1040
   8.20 drone1  +0.0250  -0.4100  -0.0262  -0.4827  0.0889
   8.30 drone1  +0.0081  -0.4147  -0.0389  -0.4748  0.0763
   8.40 drone1  -0.0090  -0.4191  -0.0523  -0.4682  0.0654
   8.50 drone1  -0.0225  -0.4184  -0.0664  -0.4629  0.0625
   8.60 drone1  -0.0406  -0.4313  -0.0809  -0.4591  0.0489
   8.70 drone1  -0.0596  -0.4473  -0.0957  -0.4567  0.0373
   8.80 drone1  -0.0801  -0.4656  -0.1107  -0.4558  0.0320
   8.90 drone1  -0.1011  -0.4807  -0.1257  -0.4558  0.0349
   9.00 drone1  -0.1265  -0.5002  -0.1407  -0.4558  0.0466
   9.10 drone1  -0.1441  -0.5037  -0.1557  -0.4558  0.0492
   9.20 drone1  -0.1537  -0.4915  -0.1707  -0.4558  0.0395
   9.30 drone1  -0.1624  -0.4865  -0.1857  -0.4558  0.0384
   9.40 drone1  -0.1682  -0.4829  -0.2007  -0.4558  0.0423
   9.50 drone1  -0.1724  -0.4823  -0.2157  -0.4558  0.0507
   9.60 drone1  -0.1790  -0.4843  -0.2307  -0.4558  0.0590
   9.70 drone1  -0.1845  -0.4887  -0.2457  -0.4558  0.0695
   9.80 drone1  -0.1903  -0.4918  -0.2607  -0.4558  0.0790
   9.90 drone1  -0.2067  -0.4989  -0.2757  -0.4558  0.0813
  10.00 drone1  -0.2158  -0.5010  -0.2907  -0.4558  0.0875
  10.10 drone1  -0.2445  -0.5131  -0.3057  -0.4558  0.0837
  10.20 drone1  -0.2668  -0.5137  -0.3206  -0.4561  0.0789
  10.30 drone1  -0.2871  -0.5127  -0.3356  -0.4577  0.0733
  10.40 drone1  -0.3056  -0.5020  -0.3502  -0.4608  0.0607
  10.50 drone1  -0.3416  -0.4985  -0.3645  -0.4654  0.0403
  10.60 drone1  -0.3560  -0.4976  -0.3783  -0.4713  0.0344
  10.70 drone1  -0.3828  -0.4997  -0.3914  -0.4786  0.0228
  10.80 drone1  -0.3979  -0.5044  -0.4037  -0.4872  0.0181
  10.90 drone1  -0.4126  -0.5123  -0.4151  -0.4969  0.0155
  11.00 drone1  -0.4244  -0.5246  -0.4254  -0.5078  0.0168
  11.10 drone1  -0.4210  -0.5189  -0.4346  -0.5196  0.0136
  11.20 drone1  -0.4327  -0.5243  -0.4426  -0.5323  0.0127
  11.30 drone1  -0.4327  -0.5243  -0.4493  -0.5457  0.0271
  11.40 drone1  -0.4484  -0.5421  -0.4546  -0.5597  0.0187
  11.50 drone1  -0.4484  -0.5421  -0.4585  -0.5742  0.0337
  11.60 drone1  -0.4663  -0.5772  -0.4609  -0.5890  0.0130
  11.70 drone1  -0.4728  -0.5961  -0.4619  -0.6040  0.0135
  11.80 drone1  -0.4754  -0.6139  -0.4619  -0.6190  0.0144
  11.90 drone1  -0.4825  -0.6380  -0.4619  -0.6340  0.0210
  12.00 drone1  -0.4749  -0.6455  -0.4619  -0.6490  0.0135
  12.10 drone1  -0.4738  -0.6471  -0.4619  -0.6640  0.0207
  12.20 drone1  -0.4651  -0.6658  -0.4619  -0.6790  0.0136
  12.30 drone1  -0.4552  -0.6824  -0.4619  -0.6940  0.0134
  12.40 drone1  -0.4510  -0.6972  -0.4619  -0.7090  0.0161
  12.50 drone1  -0.4498  -0.7123  -0.4619  -0.7240  0.0169
  12.60 drone1  -0.4501  -0.7267  -0.4619  -0.7390  0.0171
  12.70 drone1  -0.4522  -0.7410  -0.4619  -0.7540  0.0162
  12.80 drone1  -0.4533  -0.7542  -0.4619  -0.7690  0.0171
  12.90 drone1  -0.4525  -0.7669  -0.4619  -0.7840  0.0195
  13.00 drone1  -0.4509  -0.7785  -0.4619  -0.7990  0.0233
  13.10 drone1  -0.4479  -0.7905  -0.4617  -0.8140  0.0272
  13.20 drone1  -0.4450  -0.8028  -0.4601  -0.8289  0.0302
  13.30 drone1  -0.4488  -0.8247  -0.4571  -0.8436  0.0206
  13.40 drone1  -0.4383  -0.8331  -0.4526  -0.8579  0.0286
  13.50 drone1  -0.4343  -0.8512  -0.4467  -0.8717  0.0239
  13.60 drone1  -0.4309  -0.8708  -0.4394  -0.8848  0.0164
  13.70 drone1  -0.4288  -0.8893  -0.4309  -0.8971  0.0081
  13.80 drone1  -0.4245  -0.9054  -0.4212  -0.9086  0.0045
  13.90 drone1  -0.4252  -0.9262  -0.4104  -0.9190  0.0164
  14.00 drone1  -0.4141  -0.9359  -0.3986  -0.9282  0.0172
  14.10 drone1  -0.3952  -0.9357  -0.3860  -0.9363  0.0092
  14.20 drone1  -0.3802  -0.9427  -0.3726  -0.9430  0.0077
  14.30 drone1  -0.3639  -0.9503  -0.3586  -0.9484  0.0057
  14.40 drone1  -0.3480  -0.9589  -0.3441  -0.9523  0.0076
  14.50 drone1  -0.3306  -0.9670  -0.3293  -0.9548  0.0122
  14.60 drone1  -0.3196  -0.9812  -0.3144  -0.9558  0.0259
  14.70 drone1  -0.2975  -0.9812  -0.2994  -0.9558  0.0254
  14.80 drone1  -0.2827  -0.9863  -0.2844  -0.9558  0.0305
  14.90 drone1  -0.2688  -0.9931  -0.2694  -0.9558  0.0373
  15.00 drone1  -0.2564  -0.9993  -0.2544  -0.9558  0.0435
  15.10 drone1  -0.2437  -1.0034  -0.2394  -0.9558  0.0478
  15.20 drone1  -0.2292  -1.0033  -0.2244  -0.9558  0.0477
  15.30 drone1  -0.2139  -0.9994  -0.2094  -0.9558  0.0438
  15.40 drone1  -0.1976  -0.9925  -0.1944  -0.9558  0.0368
  15.50 drone1  -0.1801  -0.9832  -0.1794  -0.9558  0.0274
  15.60 drone1  -0.1687  -0.9829  -0.1644  -0.9558  0.0274
  15.70 drone1  -0.1457  -0.9700  -0.1494  -0.9558  0.0146
  15.80 drone1  -0.1284  -0.9662  -0.1344  -0.9558  0.0120
  15.90 drone1  -0.1118  -0.9657  -0.1194  -0.9558  0.0124
  16.00 drone1  -0.0965  -0.9653  -0.1044  -0.9557  0.0125
  16.10 drone1  -0.0797  -0.9655  -0.0895  -0.9542  0.0150
  16.20 drone1  -0.0696  -0.9722  -0.0748  -0.9512  0.0216
  16.30 drone1  -0.0491  -0.9620  -0.0604  -0.9467  0.0190
  16.40 drone1  -0.0365  -0.9603  -0.0466  -0.9409  0.0219
  16.50 drone1  -0.0256  -0.9586  -0.0335  -0.9337  0.0261
  16.60 drone1  -0.0155  -0.9561  -0.0211  -0.9252  0.0314
  16.70 drone1  -0.0062  -0.9514  -0.0096  -0.9156  0.0360
  16.80 drone1  +0.0053  -0.9443  +0.0008  -0.9048  0.0398
  16.90 drone1  +0.0183  -0.9340  +0.0101  -0.8931  0.0417
  17.00 drone1  +0.0317  -0.9205  +0.0182  -0.8805  0.0423
  17.10 drone1  +0.0391  -0.9135  +0.0250  -0.8671  0.0485
  17.20 drone1  +0.0581  -0.8898  +0.0305  -0.8531  0.0459
  17.30 drone1  +0.0698  -0.8751  +0.0345  -0.8387  0.0507
  17.40 drone1  +0.0770  -0.8620  +0.0370  -0.8239  0.0552
  17.50 drone1  +0.0818  -0.8506  +0.0381  -0.8089  0.0604
  17.60 drone1  +0.0843  -0.8399  +0.0381  -0.7939  0.0652
  17.70 drone1  +0.0834  -0.8284  +0.0381  -0.7789  0.0671
  17.80 drone1  +0.0739  -0.8233  +0.0381  -0.7639  0.0693
  17.90 drone1  +0.0789  -0.7989  +0.0381  -0.7489  0.0645
  18.00 drone1  +0.0748  -0.7799  +0.0381  -0.7339  0.0588
  18.10 drone1  +0.0722  -0.7626  +0.0381  -0.7189  0.0554
  18.20 drone1  +0.0690  -0.7475  +0.0381  -0.7039  0.0534
  18.30 drone1  +0.0660  -0.7332  +0.0381  -0.6889  0.0523
  18.40 drone1  +0.0652  -0.7183  +0.0381  -0.6739  0.0520
  18.50 drone1  +0.0653  -0.7013  +0.0381  -0.6589  0.0503
  18.60 drone1  +0.0655  -0.6826  +0.0381  -0.6439  0.0474
  18.70 drone1  +0.0648  -0.6621  +0.0381  -0.6289  0.0425
  18.80 drone1  +0.0591  -0.6491  +0.0381  -0.6139  0.0410
  18.90 drone1  +0.0613  -0.6183  +0.0379  -0.5989  0.0303
  19.00 drone1  +0.0530  -0.5942  +0.0365  -0.5840  0.0194
  19.10 drone1  +0.0375  -0.5675  +0.0336  -0.5693  0.0043
  19.20 drone1  +0.0166  -0.5416  +0.0292  -0.5550  0.0184
  19.30 drone1  +0.0005  -0.5168  +0.0234  -0.5411  0.0334
  19.40 drone1  -0.0144  -0.4943  +0.0163  -0.5279  0.0455
  19.50 drone1  -0.0223  -0.4737  +0.0079  -0.5155  0.0516
  19.60 drone1  -0.0267  -0.4564  -0.0017  -0.5040  0.0537
  19.70 drone1  -0.0297  -0.4420  -0.0124  -0.4935  0.0543
  19.80 drone1  -0.0288  -0.4322  -0.0242  -0.4842  0.0522
  19.90 drone1  -0.0246  -0.4275  -0.0367  -0.4760  0.0500
  20.00 drone1  -0.0157  -0.4281  -0.0501  -0.4692  0.0535
  20.10 drone1  -0.0053  -0.4319  -0.0640  -0.4637  0.0668
  20.20 drone1  -0.0044  -0.4452  -0.0785  -0.4596  0.0755
  20.30 drone1  +0.0022  -0.4525  -0.0932  -0.4570  0.0955
  20.40 drone1  +0.0074  -0.4538  -0.1082  -0.4559  0.1156
  20.50 drone1  +0.0071  -0.4284  -0.1232  -0.4558  0.1332
  20.60 drone1  +0.0018  -0.3764  -0.1382  -0.4558  0.1609
  20.70 drone1  -0.0020  -0.3023  -0.1532  -0.4558  0.2154
  20.80 drone1  -0.0002  -0.2414  -0.1682  -0.4558  0.2724
  20.90 drone1  +0.0173  -0.1930  -0.1832  -0.4558  0.3305
  21.00 drone1  +0.0526  -0.1670  -0.1982  -0.4558  0.3825
  21.10 drone1  +0.1002  -0.1636  -0.2132  -0.4558  0.4285
  21.20 drone1  +0.1432  -0.1722  -0.2282  -0.4558  0.4673
  21.30 drone1  +0.1993  -0.2184  -0.2432  -0.4558  0.5021
  21.40 drone1  +0.2311  -0.2701  -0.2582  -0.4558  0.5234
  21.50 drone1  +0.2508  -0.3309  -0.2732  -0.4558  0.5387
  21.60 drone1  +0.2505  -0.3945  -0.2882  -0.4558  0.5422
  21.70 drone1  +0.2340  -0.4538  -0.3032  -0.4558  0.5372
  21.80 drone1  +0.2015  -0.5027  -0.3182  -0.4560  0.5218
  21.90 drone1  +0.1608  -0.5370  -0.3331  -0.4573  0.5003
  22.00 drone1  +0.1192  -0.5547  -0.3478  -0.4602  0.4765
  22.10 drone1  +0.0799  -0.5584  -0.3622  -0.4645  0.4519
  22.20 drone1  +0.0480  -0.5518  -0.3760  -0.4702  0.4318
  22.30 drone1  +0.0252  -0.5397  -0.3893  -0.4773  0.4192
  22.40 drone1  +0.0121  -0.5261  -0.4017  -0.4857  0.4158
  22.50 drone1  +0.0051  -0.5152  -0.4132  -0.4953  0.4188
  22.60 drone1  +0.0032  -0.5070  -0.4238  -0.5059  0.4270
  22.70 drone1  +0.0047  -0.5026  -0.4332  -0.5176  0.4382
  22.80 drone1  +0.0061  -0.5005  -0.4414  -0.5302  0.4485
  22.90 drone1  +0.0062  -0.5017  -0.4483  -0.5435  0.4564
  23.00 drone1  +0.0064  -0.5041  -0.4539  -0.5574  0.4633
  23.10 drone1  +0.0075  -0.5085  -0.4580  -0.5718  0.4697
  23.20 drone1  +0.0067  -0.5124  -0.4606  -0.5866  0.4732
  23.30 drone1  +0.0072  -0.5156  -0.4618  -0.6015  0.4768
  23.40 drone1  +0.0070  -0.5185  -0.4619  -0.6165  0.4790
  23.50 drone1  +0.0060  -0.5213  -0.4619  -0.6315  0.4807
  23.60 drone1  +0.0046  -0.5219  -0.4619  -0.6465  0.4828
  23.70 drone1  +0.0044  -0.5215  -0.4619  -0.6615  0.4869
  23.80 drone1  +0.0031  -0.5222  -0.4619  -0.6765  0.4899
  23.90 drone1  +0.0026  -0.5223  -0.4619  -0.6915  0.4943
  24.00 drone1  +0.0032  -0.5222  -0.4619  -0.7065  0.5003
  24.10 drone1  -0.0034  -0.5295  -0.4619  -0.7215  0.4971
  24.20 drone1  +0.0031  -0.5218  -0.4619  -0.7365  0.5122
  24.30 drone1  +0.0031  -0.5220  -0.4619  -0.7515  0.5185
  24.40 drone1  +0.0030  -0.5222  -0.4619  -0.7665  0.5252
  24.50 drone1  +0.0030  -0.5218  -0.4619  -0.7815  0.5325
  24.60 drone1  +0.0030  -0.5219  -0.4619  -0.7965  0.5399
  24.70 drone1  +0.0031  -0.5218  -0.4618  -0.8115  0.5477
  24.80 drone1  +0.0032  -0.5218  -0.4605  -0.8264  0.5548
  24.90 drone1  +0.0036  -0.5222  -0.4577  -0.8412  0.5608
  25.00 drone1  +0.0029  -0.5218  -0.4534  -0.8555  0.5653
  25.10 drone1  +0.0028  -0.5218  -0.4477  -0.8694  0.5691
  25.20 drone1  +0.0025  -0.5219  -0.4407  -0.8827  0.5715
  25.30 drone1  +0.0033  -0.5221  -0.4324  -0.8951  0.5736
  25.40 drone1  +0.0027  -0.5220  -0.4229  -0.9067  0.5737
  25.50 drone1  +0.0029  -0.5221  -0.4123  -0.9173  0.5732
  25.60 drone1  +0.0028  -0.5219  -0.4006  -0.9268  0.5715
  25.70 drone1  +0.0026  -0.5217  -0.3881  -0.9350  0.5688
  25.80 drone1  +0.0026  -0.5217  -0.3748  -0.9420  0.5649
  25.90 drone1  +0.0027  -0.5220  -0.3609  -0.9476  0.5598
  26.00 drone1  +0.0027  -0.5219  -0.3465  -0.9518  0.5538
  26.10 drone1  +0.0027  -0.5219  -0.3318  -0.9545  0.5468
  26.20 drone1  +0.0027  -0.5221  -0.3168  -0.9558  0.5387
  26.30 drone1  +0.0027  -0.5219  -0.3018  -0.9558  0.5302
  26.40 drone1  +0.0027  -0.5220  -0.2868  -0.9558  0.5216
  26.50 drone1  +0.0030  -0.5218  -0.2718  -0.9558  0.5137
  26.60 drone1  +0.0027  -0.5219  -0.2568  -0.9558  0.5057
  26.70 drone1  +0.0028  -0.5220  -0.2418  -0.9558  0.4980
  26.80 drone1  +0.0028  -0.5218  -0.2268  -0.9558  0.4910
  26.90 drone1  +0.0028  -0.5217  -0.2118  -0.9558  0.4842
  27.00 drone1  +0.0027  -0.5219  -0.1968  -0.9558  0.4776
  27.10 drone1  +0.0027  -0.5219  -0.1818  -0.9558  0.4716
  27.20 drone1  +0.0028  -0.5220  -0.1668  -0.9558  0.4658
  27.30 drone1  +0.0024  -0.5217  -0.1518  -0.9558  0.4607
  27.40 drone1  +0.0025  -0.5218  -0.1368  -0.9558  0.4559
  27.50 drone1  +0.0026  -0.5219  -0.1218  -0.9558  0.4515
  27.60 drone1  +0.0026  -0.5215  -0.1068  -0.9558  0.4478
  27.70 drone1  +0.0025  -0.5217  -0.0919  -0.9545  0.4430
